0 0 21700.0 12604.0 vehicle.ego
0 1 21762.0 12173.0 vehicle.car
0 2 21609.0 12647.0 vehicle.car
0 3 21667.0 12266.0 vehicle.car
0 4 21645.0 12425.0 vehicle.truck
0 5 21660.0 12132.0 vehicle.car
0 6 21459.0 12526.0 vehicle.car
0 7 21771.0 12258.0 vehicle.car
0 8 21799.0 12643.0 vehicle.car
0 9 21410.0 12525.0 vehicle.car
0 10 21580.0 12648.0 vehicle.car
0 11 21769.0 12523.0 vehicle.car
0 12 21689.0 12521.0 vehicle.car
0 13 21376.0 12531.0 vehicle.car
0 14 21689.0 12266.0 vehicle.car
0 15 21739.0 12523.0 vehicle.truck
0 16 21521.0 12524.0 vehicle.car
0 17 21657.0 12523.0 vehicle.truck
0 18 22035.0 12305.0 vehicle.car
0 19 21664.0 12649.0 vehicle.car
0 20 21489.0 12523.0 vehicle.car
0 21 22008.0 12304.0 vehicle.car
0 22 21719.0 12650.0 vehicle.car
0 23 21418.0 12654.0 vehicle.car
0 24 21792.0 12726.0 human.pedestrian.adult
0 25 21256.0 12645.0 vehicle.car
0 26 21637.0 12652.0 vehicle.car
0 27 20991.0 12661.0 vehicle.car
0 28 21716.0 12257.0 vehicle.truck
0 29 22087.0 12630.0 vehicle.car
0 30 21692.0 12653.0 vehicle.car
0 31 21630.0 12516.0 vehicle.car
0 32 21577.0 12523.0 vehicle.car
0 33 21613.0 12561.0 vehicle.car
0 34 21772.0 12645.0 vehicle.car
0 35 21866.0 12491.0 vehicle.car
0 36 21744.0 12256.0 vehicle.car
1 0 21714.0 12603.0 vehicle.ego
1 1 21762.0 12173.0 vehicle.car
1 2 21609.0 12647.0 vehicle.car
1 3 21667.0 12266.0 vehicle.car
1 4 21708.0 12423.0 vehicle.truck
1 5 21660.0 12132.0 vehicle.car
1 6 21459.0 12526.0 vehicle.car
1 7 21772.0 12258.0 vehicle.car
1 8 21800.0 12643.0 vehicle.car
1 9 21410.0 12525.0 vehicle.car
1 10 21580.0 12648.0 vehicle.car
1 11 21769.0 12523.0 vehicle.car
1 12 21689.0 12521.0 vehicle.car
1 13 21376.0 12531.0 vehicle.car
1 14 21689.0 12265.0 vehicle.car
1 15 21739.0 12523.0 vehicle.truck
1 16 21521.0 12524.0 vehicle.car
1 17 21657.0 12523.0 vehicle.truck
1 18 22035.0 12305.0 vehicle.car
1 19 21664.0 12649.0 vehicle.car
1 20 21489.0 12523.0 vehicle.car
1 21 22007.0 12303.0 vehicle.car
1 22 21720.0 12650.0 vehicle.car
1 23 21418.0 12654.0 vehicle.car
1 24 21796.0 12725.0 human.pedestrian.adult
1 25 21256.0 12645.0 vehicle.car
1 26 21637.0 12651.0 vehicle.car
1 27 20991.0 12661.0 vehicle.car
1 28 21716.0 12257.0 vehicle.truck
1 29 22087.0 12629.0 vehicle.car
1 30 21693.0 12653.0 vehicle.car
1 31 21630.0 12516.0 vehicle.car
1 32 21577.0 12523.0 vehicle.car
1 33 21617.0 12567.0 vehicle.car
1 34 21772.0 12645.0 vehicle.car
1 35 21865.0 12486.0 vehicle.car
1 36 21744.0 12257.0 vehicle.car
1 37 21846.0 12254.0 vehicle.truck
2 0 21726.0 12603.0 vehicle.ego
2 1 21762.0 12173.0 vehicle.car
2 2 21609.0 12647.0 vehicle.car
2 3 21667.0 12266.0 vehicle.car
2 4 21760.0 12421.0 vehicle.truck
2 5 21659.0 12132.0 vehicle.car
2 6 21459.0 12526.0 vehicle.car
2 7 21773.0 12258.0 vehicle.car
2 8 21800.0 12643.0 vehicle.car
2 9 21410.0 12525.0 vehicle.car
2 10 21580.0 12648.0 vehicle.car
2 11 21769.0 12523.0 vehicle.car
2 12 21689.0 12521.0 vehicle.car
2 13 21376.0 12531.0 vehicle.car
2 14 21689.0 12264.0 vehicle.car
2 15 21739.0 12523.0 vehicle.truck
2 16 21521.0 12524.0 vehicle.car
2 17 21657.0 12523.0 vehicle.truck
2 18 22035.0 12305.0 vehicle.car
2 19 21664.0 12649.0 vehicle.car
2 20 21489.0 12523.0 vehicle.car
2 21 22007.0 12303.0 vehicle.car
2 22 21720.0 12650.0 vehicle.car
2 23 21418.0 12654.0 vehicle.car
2 24 21801.0 12723.0 human.pedestrian.adult
2 25 21256.0 12645.0 vehicle.car
2 26 21637.0 12651.0 vehicle.car
2 27 20991.0 12661.0 vehicle.car
2 28 21716.0 12256.0 vehicle.truck
2 29 22087.0 12629.0 vehicle.car
2 30 21692.0 12653.0 vehicle.car
2 31 21630.0 12516.0 vehicle.car
2 32 21577.0 12523.0 vehicle.car
2 33 21621.0 12572.0 vehicle.car
2 34 21772.0 12645.0 vehicle.car
2 35 21865.0 12483.0 vehicle.car
2 36 21745.0 12258.0 vehicle.car
2 37 21846.0 12255.0 vehicle.truck
2 38 22509.0 12298.0 vehicle.car
2 39 21639.0 12266.0 vehicle.car
2 40 21612.0 12262.0 vehicle.car
3 0 21741.0 12603.0 vehicle.ego
3 1 21762.0 12173.0 vehicle.car
3 2 21609.0 12647.0 vehicle.car
3 3 21667.0 12266.0 vehicle.car
3 4 21826.0 12420.0 vehicle.truck
3 5 21659.0 12132.0 vehicle.car
3 6 21459.0 12526.0 vehicle.car
3 7 21773.0 12258.0 vehicle.car
3 8 21799.0 12643.0 vehicle.car
3 9 21410.0 12525.0 vehicle.car
3 10 21580.0 12648.0 vehicle.car
3 11 21769.0 12523.0 vehicle.car
3 12 21689.0 12521.0 vehicle.car
3 13 21376.0 12531.0 vehicle.car
3 14 21689.0 12264.0 vehicle.car
3 15 21739.0 12523.0 vehicle.truck
3 16 21521.0 12524.0 vehicle.car
3 17 21657.0 12523.0 vehicle.truck
3 18 22035.0 12305.0 vehicle.car
3 19 21664.0 12648.0 vehicle.car
3 20 21489.0 12523.0 vehicle.car
3 21 22008.0 12304.0 vehicle.car
3 22 21720.0 12650.0 vehicle.car
3 23 21418.0 12654.0 vehicle.car
3 24 21805.0 12722.0 human.pedestrian.adult
3 25 21256.0 12645.0 vehicle.car
3 26 21637.0 12651.0 vehicle.car
3 27 20991.0 12661.0 vehicle.car
3 28 21716.0 12256.0 vehicle.truck
3 29 22086.0 12630.0 vehicle.car
3 30 21692.0 12652.0 vehicle.car
3 31 21630.0 12516.0 vehicle.car
3 32 21577.0 12523.0 vehicle.car
3 33 21628.0 12576.0 vehicle.car
3 34 21772.0 12645.0 vehicle.car
3 35 21864.0 12481.0 vehicle.car
3 36 21745.0 12258.0 vehicle.car
3 37 21846.0 12255.0 vehicle.truck
3 38 22509.0 12298.0 vehicle.car
3 39 21640.0 12267.0 vehicle.car
3 40 21612.0 12262.0 vehicle.car
3 41 21928.0 12505.0 human.pedestrian.adult
3 42 21388.0 12654.0 vehicle.car
3 43 21974.0 12306.0 vehicle.car
4 0 21756.0 12603.0 vehicle.ego
4 1 21762.0 12172.0 vehicle.car
4 2 21609.0 12647.0 vehicle.car
4 3 21667.0 12266.0 vehicle.car
4 4 21889.0 12418.0 vehicle.truck
4 5 21659.0 12131.0 vehicle.car
4 6 21459.0 12526.0 vehicle.car
4 7 21772.0 12258.0 vehicle.car
4 8 21799.0 12643.0 vehicle.car
4 9 21410.0 12525.0 vehicle.car
4 10 21580.0 12648.0 vehicle.car
4 11 21769.0 12523.0 vehicle.car
4 12 21689.0 12520.0 vehicle.car
4 14 21690.0 12264.0 vehicle.car
4 15 21739.0 12523.0 vehicle.truck
4 16 21521.0 12524.0 vehicle.car
4 17 21657.0 12523.0 vehicle.truck
4 18 22035.0 12305.0 vehicle.car
4 19 21664.0 12648.0 vehicle.car
4 20 21489.0 12523.0 vehicle.car
4 21 22008.0 12305.0 vehicle.car
4 22 21720.0 12650.0 vehicle.car
4 23 21418.0 12654.0 vehicle.car
4 24 21811.0 12722.0 human.pedestrian.adult
4 25 21256.0 12645.0 vehicle.car
4 26 21637.0 12651.0 vehicle.car
4 27 20991.0 12661.0 vehicle.car
4 28 21716.0 12256.0 vehicle.truck
4 29 22086.0 12630.0 vehicle.car
4 30 21692.0 12653.0 vehicle.car
4 31 21630.0 12516.0 vehicle.car
4 32 21577.0 12523.0 vehicle.car
4 33 21635.0 12580.0 vehicle.car
4 34 21773.0 12645.0 vehicle.car
4 35 21864.0 12479.0 vehicle.car
4 36 21745.0 12256.0 vehicle.car
4 37 21847.0 12255.0 vehicle.truck
4 38 22509.0 12298.0 vehicle.car
4 39 21640.0 12266.0 vehicle.car
4 40 21612.0 12263.0 vehicle.car
4 41 21929.0 12505.0 human.pedestrian.adult
4 42 21388.0 12654.0 vehicle.car
4 43 21974.0 12305.0 vehicle.car
4 44 22062.0 12306.0 vehicle.car
4 45 21713.0 12124.0 vehicle.car
4 46 21821.0 12249.0 vehicle.car
5 0 21771.0 12602.0 vehicle.ego
5 1 21762.0 12171.0 vehicle.car
5 2 21609.0 12647.0 vehicle.car
5 3 21667.0 12266.0 vehicle.car
5 4 21955.0 12417.0 vehicle.truck
5 5 21659.0 12131.0 vehicle.car
5 6 21459.0 12526.0 vehicle.car
5 7 21771.0 12259.0 vehicle.car
5 8 21799.0 12643.0 vehicle.car
5 9 21410.0 12525.0 vehicle.car
5 10 21580.0 12648.0 vehicle.car
5 11 21769.0 12523.0 vehicle.car
5 12 21689.0 12520.0 vehicle.car
5 14 21691.0 12265.0 vehicle.car
5 15 21739.0 12523.0 vehicle.truck
5 16 21521.0 12524.0 vehicle.car
5 17 21657.0 12523.0 vehicle.truck
5 18 22035.0 12305.0 vehicle.car
5 19 21664.0 12648.0 vehicle.car
5 20 21489.0 12523.0 vehicle.car
5 21 22008.0 12306.0 vehicle.car
5 22 21720.0 12650.0 vehicle.car
5 23 21418.0 12654.0 vehicle.car
5 24 21815.0 12721.0 human.pedestrian.adult
5 25 21256.0 12645.0 vehicle.car
5 26 21637.0 12651.0 vehicle.car
5 27 20991.0 12661.0 vehicle.car
5 28 21716.0 12255.0 vehicle.truck
5 29 22086.0 12631.0 vehicle.car
5 30 21692.0 12652.0 vehicle.car
5 31 21630.0 12516.0 vehicle.car
5 32 21577.0 12523.0 vehicle.car
5 33 21643.0 12583.0 vehicle.car
5 34 21772.0 12645.0 vehicle.car
5 35 21864.0 12475.0 vehicle.car
5 36 21745.0 12256.0 vehicle.car
5 37 21847.0 12254.0 vehicle.truck
5 38 22509.0 12298.0 vehicle.car
5 39 21640.0 12266.0 vehicle.car
5 40 21612.0 12263.0 vehicle.car
5 41 21929.0 12505.0 human.pedestrian.adult
5 42 21388.0 12654.0 vehicle.car
5 43 21975.0 12305.0 vehicle.car
5 44 22064.0 12306.0 vehicle.car
5 46 21822.0 12249.0 vehicle.car
5 47 21797.0 12261.0 vehicle.truck
6 0 21785.0 12601.0 vehicle.ego
6 1 21762.0 12171.0 vehicle.car
6 2 21609.0 12647.0 vehicle.car
6 3 21667.0 12266.0 vehicle.car
6 4 22020.0 12414.0 vehicle.truck
6 5 21659.0 12131.0 vehicle.car
6 6 21459.0 12526.0 vehicle.car
6 7 21770.0 12259.0 vehicle.car
6 8 21799.0 12643.0 vehicle.car
6 9 21410.0 12525.0 vehicle.car
6 10 21580.0 12647.0 vehicle.car
6 11 21769.0 12523.0 vehicle.car
6 12 21689.0 12521.0 vehicle.car
6 14 21690.0 12265.0 vehicle.car
6 15 21739.0 12523.0 vehicle.truck
6 16 21521.0 12524.0 vehicle.car
6 17 21657.0 12523.0 vehicle.truck
6 18 22035.0 12305.0 vehicle.car
6 19 21664.0 12648.0 vehicle.car
6 20 21489.0 12523.0 vehicle.car
6 21 22009.0 12307.0 vehicle.car
6 22 21719.0 12650.0 vehicle.car
6 23 21418.0 12654.0 vehicle.car
6 24 21821.0 12720.0 human.pedestrian.adult
6 25 21256.0 12645.0 vehicle.car
6 26 21637.0 12650.0 vehicle.car
6 27 20991.0 12661.0 vehicle.car
6 28 21716.0 12255.0 vehicle.truck
6 29 22086.0 12630.0 vehicle.car
6 30 21692.0 12652.0 vehicle.car
6 31 21630.0 12516.0 vehicle.car
6 32 21577.0 12523.0 vehicle.car
6 33 21652.0 12585.0 vehicle.car
6 34 21772.0 12645.0 vehicle.car
6 35 21862.0 12468.0 vehicle.car
6 36 21745.0 12257.0 vehicle.car
6 37 21847.0 12254.0 vehicle.truck
6 38 22509.0 12298.0 vehicle.car
6 39 21640.0 12265.0 vehicle.car
6 40 21612.0 12264.0 vehicle.car
6 41 21929.0 12505.0 human.pedestrian.adult
6 42 21388.0 12654.0 vehicle.car
6 43 21975.0 12304.0 vehicle.car
6 44 22065.0 12306.0 vehicle.car
6 46 21822.0 12249.0 vehicle.car
6 47 21796.0 12261.0 vehicle.truck
6 48 21866.0 12208.0 vehicle.car
7 0 21799.0 12600.0 vehicle.ego
7 1 21762.0 12171.0 vehicle.car
7 2 21609.0 12647.0 vehicle.car
7 3 21667.0 12265.0 vehicle.car
7 4 22085.0 12413.0 vehicle.truck
7 5 21659.0 12131.0 vehicle.car
7 6 21459.0 12526.0 vehicle.car
7 7 21770.0 12259.0 vehicle.car
7 8 21799.0 12642.0 vehicle.car
7 9 21410.0 12525.0 vehicle.car
7 10 21580.0 12647.0 vehicle.car
7 11 21768.0 12523.0 vehicle.car
7 12 21688.0 12520.0 vehicle.car
7 14 21690.0 12265.0 vehicle.car
7 15 21739.0 12523.0 vehicle.truck
7 16 21521.0 12524.0 vehicle.car
7 17 21657.0 12523.0 vehicle.truck
7 18 22035.0 12305.0 vehicle.car
7 19 21664.0 12648.0 vehicle.car
7 20 21489.0 12523.0 vehicle.car
7 21 22008.0 12307.0 vehicle.car
7 22 21719.0 12650.0 vehicle.car
7 23 21418.0 12654.0 vehicle.car
7 24 21826.0 12719.0 human.pedestrian.adult
7 25 21256.0 12645.0 vehicle.car
7 26 21637.0 12650.0 vehicle.car
7 27 20991.0 12661.0 vehicle.car
7 28 21716.0 12255.0 vehicle.truck
7 29 22086.0 12631.0 vehicle.car
7 30 21691.0 12653.0 vehicle.car
7 31 21630.0 12516.0 vehicle.car
7 32 21577.0 12523.0 vehicle.car
7 33 21661.0 12588.0 vehicle.car
7 34 21771.0 12645.0 vehicle.car
7 35 21857.0 12458.0 vehicle.car
7 36 21745.0 12256.0 vehicle.car
7 37 21846.0 12254.0 vehicle.truck
7 38 22509.0 12298.0 vehicle.car
7 39 21640.0 12265.0 vehicle.car
7 40 21612.0 12264.0 vehicle.car
7 41 21928.0 12505.0 human.pedestrian.adult
7 42 21388.0 12654.0 vehicle.car
7 43 21975.0 12306.0 vehicle.car
7 44 22065.0 12306.0 vehicle.car
7 46 21821.0 12249.0 vehicle.car
7 47 21796.0 12260.0 vehicle.truck
7 48 21867.0 12207.0 vehicle.car
7 49 22216.0 12510.0 vehicle.car
8 0 21813.0 12596.0 vehicle.ego
8 1 21762.0 12171.0 vehicle.car
8 2 21609.0 12647.0 vehicle.car
8 3 21667.0 12265.0 vehicle.car
8 4 22150.0 12411.0 vehicle.truck
8 5 21659.0 12131.0 vehicle.car
8 6 21459.0 12526.0 vehicle.car
8 7 21769.0 12258.0 vehicle.car
8 8 21799.0 12642.0 vehicle.car
8 9 21410.0 12525.0 vehicle.car
8 10 21580.0 12647.0 vehicle.car
8 11 21768.0 12523.0 vehicle.car
8 12 21689.0 12521.0 vehicle.car
8 14 21690.0 12265.0 vehicle.car
8 15 21739.0 12523.0 vehicle.truck
8 16 21521.0 12524.0 vehicle.car
8 17 21657.0 12523.0 vehicle.truck
8 18 22034.0 12305.0 vehicle.car
8 19 21664.0 12648.0 vehicle.car
8 20 21489.0 12523.0 vehicle.car
8 21 22007.0 12306.0 vehicle.car
8 22 21719.0 12650.0 vehicle.car
8 23 21418.0 12654.0 vehicle.car
8 24 21832.0 12718.0 human.pedestrian.adult
8 25 21256.0 12645.0 vehicle.car
8 26 21637.0 12650.0 vehicle.car
8 27 20991.0 12661.0 vehicle.car
8 28 21716.0 12256.0 vehicle.truck
8 29 22086.0 12630.0 vehicle.car
8 30 21692.0 12652.0 vehicle.car
8 31 21630.0 12516.0 vehicle.car
8 32 21577.0 12523.0 vehicle.car
8 33 21672.0 12591.0 vehicle.car
8 34 21772.0 12645.0 vehicle.car
8 35 21849.0 12445.0 vehicle.car
8 36 21745.0 12255.0 vehicle.car
8 37 21846.0 12254.0 vehicle.truck
8 38 22509.0 12298.0 vehicle.car
8 39 21640.0 12264.0 vehicle.car
8 40 21612.0 12264.0 vehicle.car
8 41 21928.0 12504.0 human.pedestrian.adult
8 42 21388.0 12654.0 vehicle.car
8 43 21974.0 12305.0 vehicle.car
8 44 22065.0 12306.0 vehicle.car
8 46 21822.0 12249.0 vehicle.car
8 47 21796.0 12260.0 vehicle.truck
8 48 21867.0 12207.0 vehicle.car
8 49 22215.0 12509.0 vehicle.car
8 50 21649.0 12630.0 human.pedestrian.adult
8 51 22326.0 12640.0 vehicle.car
9 0 21826.0 12591.0 vehicle.ego
9 1 21762.0 12171.0 vehicle.car
9 2 21609.0 12647.0 vehicle.car
9 3 21667.0 12265.0 vehicle.car
9 4 22217.0 12407.0 vehicle.truck
9 5 21658.0 12130.0 vehicle.car
9 6 21459.0 12526.0 vehicle.car
9 7 21768.0 12258.0 vehicle.car
9 8 21800.0 12642.0 vehicle.car
9 9 21410.0 12525.0 vehicle.car
9 10 21580.0 12647.0 vehicle.car
9 11 21768.0 12523.0 vehicle.car
9 12 21689.0 12521.0 vehicle.car
9 14 21690.0 12263.0 vehicle.car
9 15 21739.0 12523.0 vehicle.truck
9 16 21521.0 12524.0 vehicle.car
9 17 21657.0 12523.0 vehicle.truck
9 18 22035.0 12305.0 vehicle.car
9 19 21664.0 12648.0 vehicle.car
9 20 21489.0 12523.0 vehicle.car
9 21 22007.0 12306.0 vehicle.car
9 22 21720.0 12650.0 vehicle.car
9 23 21418.0 12654.0 vehicle.car
9 24 21838.0 12718.0 human.pedestrian.adult
9 25 21256.0 12645.0 vehicle.car
9 26 21637.0 12650.0 vehicle.car
9 27 20991.0 12661.0 vehicle.car
9 28 21716.0 12257.0 vehicle.truck
9 29 22086.0 12631.0 vehicle.car
9 30 21692.0 12652.0 vehicle.car
9 31 21630.0 12516.0 vehicle.car
9 32 21577.0 12523.0 vehicle.car
9 33 21685.0 12592.0 vehicle.car
9 34 21772.0 12644.0 vehicle.car
9 35 21838.0 12430.0 vehicle.car
9 36 21745.0 12255.0 vehicle.car
9 37 21847.0 12254.0 vehicle.truck
9 38 22509.0 12298.0 vehicle.car
9 39 21640.0 12264.0 vehicle.car
9 40 21612.0 12265.0 vehicle.car
9 41 21929.0 12504.0 human.pedestrian.adult
9 42 21388.0 12654.0 vehicle.car
9 43 21975.0 12305.0 vehicle.car
9 44 22064.0 12306.0 vehicle.car
9 46 21822.0 12249.0 vehicle.car
9 47 21796.0 12261.0 vehicle.truck
9 48 21868.0 12207.0 vehicle.car
9 49 22214.0 12508.0 vehicle.car
9 50 21646.0 12621.0 human.pedestrian.adult
9 51 22325.0 12640.0 vehicle.car
10 0 21838.0 12585.0 vehicle.ego
10 1 21761.0 12171.0 vehicle.car
10 2 21609.0 12647.0 vehicle.car
10 3 21667.0 12265.0 vehicle.car
10 4 22283.0 12404.0 vehicle.truck
10 5 21658.0 12130.0 vehicle.car
10 6 21459.0 12526.0 vehicle.car
10 7 21769.0 12258.0 vehicle.car
10 8 21800.0 12642.0 vehicle.car
10 9 21410.0 12525.0 vehicle.car
10 10 21580.0 12647.0 vehicle.car
10 11 21769.0 12523.0 vehicle.car
10 12 21689.0 12521.0 vehicle.car
10 14 21690.0 12263.0 vehicle.car
10 15 21740.0 12523.0 vehicle.truck
10 16 21521.0 12524.0 vehicle.car
10 17 21657.0 12523.0 vehicle.truck
10 18 22036.0 12307.0 vehicle.car
10 19 21664.0 12648.0 vehicle.car
10 20 21489.0 12523.0 vehicle.car
10 21 22009.0 12306.0 vehicle.car
10 22 21720.0 12649.0 vehicle.car
10 23 21418.0 12654.0 vehicle.car
10 24 21844.0 12718.0 human.pedestrian.adult
10 25 21256.0 12645.0 vehicle.car
10 26 21637.0 12650.0 vehicle.car
10 27 20991.0 12661.0 vehicle.car
10 28 21716.0 12257.0 vehicle.truck
10 29 22087.0 12631.0 vehicle.car
10 30 21692.0 12652.0 vehicle.car
10 31 21630.0 12516.0 vehicle.car
10 32 21577.0 12523.0 vehicle.car
10 33 21699.0 12593.0 vehicle.car
10 34 21772.0 12644.0 vehicle.car
10 35 21820.0 12416.0 vehicle.car
10 36 21745.0 12256.0 vehicle.car
10 37 21847.0 12254.0 vehicle.truck
10 38 22509.0 12298.0 vehicle.car
10 39 21640.0 12264.0 vehicle.car
10 40 21612.0 12265.0 vehicle.car
10 41 21929.0 12503.0 human.pedestrian.adult
10 42 21388.0 12654.0 vehicle.car
10 43 21976.0 12305.0 vehicle.car
10 44 22064.0 12305.0 vehicle.car
10 46 21822.0 12249.0 vehicle.car
10 47 21796.0 12261.0 vehicle.truck
10 48 21868.0 12206.0 vehicle.car
10 49 22215.0 12508.0 vehicle.car
10 50 21643.0 12617.0 human.pedestrian.adult
10 51 22324.0 12640.0 vehicle.car
10 52 22229.0 12305.0 vehicle.car
11 0 21848.0 12578.0 vehicle.ego
11 1 21761.0 12171.0 vehicle.car
11 2 21609.0 12647.0 vehicle.car
11 3 21667.0 12265.0 vehicle.car
11 4 22342.0 12404.0 vehicle.truck
11 5 21658.0 12130.0 vehicle.car
11 6 21459.0 12526.0 vehicle.car
11 7 21769.0 12258.0 vehicle.car
11 8 21800.0 12642.0 vehicle.car
11 9 21410.0 12525.0 vehicle.car
11 10 21580.0 12646.0 vehicle.car
11 11 21769.0 12523.0 vehicle.car
11 12 21689.0 12521.0 vehicle.car
11 14 21690.0 12263.0 vehicle.car
11 15 21739.0 12523.0 vehicle.truck
11 16 21521.0 12524.0 vehicle.car
11 17 21657.0 12523.0 vehicle.truck
11 18 22035.0 12307.0 vehicle.car
11 19 21664.0 12648.0 vehicle.car
11 20 21489.0 12523.0 vehicle.car
11 21 22007.0 12306.0 vehicle.car
11 22 21719.0 12649.0 vehicle.car
11 23 21418.0 12654.0 vehicle.car
11 24 21848.0 12718.0 human.pedestrian.adult
11 25 21256.0 12645.0 vehicle.car
11 26 21637.0 12650.0 vehicle.car
11 27 20991.0 12661.0 vehicle.car
11 28 21716.0 12255.0 vehicle.truck
11 29 22086.0 12631.0 vehicle.car
11 30 21692.0 12652.0 vehicle.car
11 31 21630.0 12516.0 vehicle.car
11 32 21577.0 12523.0 vehicle.car
11 33 21714.0 12594.0 vehicle.car
11 34 21772.0 12644.0 vehicle.car
11 35 21795.0 12404.0 vehicle.car
11 36 21745.0 12255.0 vehicle.car
11 37 21847.0 12254.0 vehicle.truck
11 38 22509.0 12298.0 vehicle.car
11 39 21640.0 12263.0 vehicle.car
11 40 21612.0 12266.0 vehicle.car
11 41 21928.0 12503.0 human.pedestrian.adult
11 42 21388.0 12654.0 vehicle.car
11 43 21975.0 12304.0 vehicle.car
11 44 22064.0 12305.0 vehicle.car
11 46 21822.0 12249.0 vehicle.car
11 47 21797.0 12261.0 vehicle.truck
11 48 21867.0 12206.0 vehicle.car
11 49 22213.0 12512.0 vehicle.car
11 50 21639.0 12616.0 human.pedestrian.adult
11 51 22323.0 12640.0 vehicle.car
11 52 22230.0 12305.0 vehicle.car
11 53 21819.0 12127.0 vehicle.car
11 54 22398.0 12306.0 vehicle.car
12 0 21857.0 12570.0 vehicle.ego
12 1 21761.0 12171.0 vehicle.car
12 2 21609.0 12647.0 vehicle.car
12 3 21667.0 12265.0 vehicle.car
12 4 22402.0 12404.0 vehicle.truck
12 5 21658.0 12130.0 vehicle.car
12 6 21459.0 12526.0 vehicle.car
12 7 21769.0 12258.0 vehicle.car
12 8 21799.0 12642.0 vehicle.car
12 9 21410.0 12525.0 vehicle.car
12 10 21580.0 12646.0 vehicle.car
12 11 21768.0 12522.0 vehicle.car
12 12 21689.0 12521.0 vehicle.car
12 14 21690.0 12264.0 vehicle.car
12 15 21739.0 12523.0 vehicle.truck
12 16 21521.0 12524.0 vehicle.car
12 17 21657.0 12523.0 vehicle.truck
12 18 22035.0 12307.0 vehicle.car
12 19 21664.0 12648.0 vehicle.car
12 20 21489.0 12523.0 vehicle.car
12 21 22008.0 12307.0 vehicle.car
12 22 21719.0 12649.0 vehicle.car
12 23 21418.0 12654.0 vehicle.car
12 24 21854.0 12719.0 human.pedestrian.adult
12 25 21256.0 12645.0 vehicle.car
12 26 21637.0 12651.0 vehicle.car
12 27 20991.0 12661.0 vehicle.car
12 28 21716.0 12255.0 vehicle.truck
12 29 22086.0 12630.0 vehicle.car
12 30 21692.0 12652.0 vehicle.car
12 31 21630.0 12516.0 vehicle.car
12 32 21577.0 12523.0 vehicle.car
12 33 21730.0 12595.0 vehicle.car
12 34 21772.0 12644.0 vehicle.car
12 35 21765.0 12396.0 vehicle.car
12 36 21745.0 12254.0 vehicle.car
12 37 21847.0 12255.0 vehicle.truck
12 38 22509.0 12298.0 vehicle.car
12 39 21640.0 12265.0 vehicle.car
12 40 21613.0 12266.0 vehicle.car
12 41 21928.0 12503.0 human.pedestrian.adult
12 42 21388.0 12654.0 vehicle.car
12 43 21975.0 12303.0 vehicle.car
12 44 22064.0 12305.0 vehicle.car
12 46 21822.0 12249.0 vehicle.car
12 47 21797.0 12261.0 vehicle.truck
12 48 21867.0 12206.0 vehicle.car
12 49 22214.0 12512.0 vehicle.car
12 51 22323.0 12641.0 vehicle.car
12 52 22230.0 12305.0 vehicle.car
12 53 21819.0 12127.0 vehicle.car
12 54 22398.0 12307.0 vehicle.car
12 55 21582.0 12264.0 vehicle.car
13 0 21864.0 12560.0 vehicle.ego
13 1 21761.0 12171.0 vehicle.car
13 2 21609.0 12647.0 vehicle.car
13 3 21667.0 12265.0 vehicle.car
13 4 22463.0 12405.0 vehicle.truck
13 5 21658.0 12129.0 vehicle.car
13 6 21459.0 12526.0 vehicle.car
13 7 21769.0 12258.0 vehicle.car
13 8 21799.0 12641.0 vehicle.car
13 9 21410.0 12525.0 vehicle.car
13 10 21580.0 12646.0 vehicle.car
13 11 21768.0 12521.0 vehicle.car
13 12 21689.0 12521.0 vehicle.car
13 14 21690.0 12264.0 vehicle.car
13 15 21739.0 12523.0 vehicle.truck
13 16 21521.0 12524.0 vehicle.car
13 17 21657.0 12523.0 vehicle.truck
13 18 22035.0 12305.0 vehicle.car
13 19 21664.0 12648.0 vehicle.car
13 20 21489.0 12523.0 vehicle.car
13 21 22008.0 12306.0 vehicle.car
13 22 21719.0 12649.0 vehicle.car
13 23 21418.0 12654.0 vehicle.car
13 24 21859.0 12720.0 human.pedestrian.adult
13 25 21256.0 12645.0 vehicle.car
13 26 21637.0 12651.0 vehicle.car
13 27 20991.0 12661.0 vehicle.car
13 28 21716.0 12255.0 vehicle.truck
13 29 22086.0 12630.0 vehicle.car
13 30 21692.0 12652.0 vehicle.car
13 31 21630.0 12516.0 vehicle.car
13 32 21577.0 12523.0 vehicle.car
13 33 21745.0 12596.0 vehicle.car
13 34 21772.0 12644.0 vehicle.car
13 35 21731.0 12390.0 vehicle.car
13 36 21744.0 12254.0 vehicle.car
13 37 21847.0 12255.0 vehicle.truck
13 38 22509.0 12298.0 vehicle.car
13 39 21640.0 12265.0 vehicle.car
13 40 21613.0 12265.0 vehicle.car
13 41 21928.0 12503.0 human.pedestrian.adult
13 42 21388.0 12654.0 vehicle.car
13 43 21975.0 12303.0 vehicle.car
13 44 22064.0 12305.0 vehicle.car
13 46 21822.0 12249.0 vehicle.car
13 47 21797.0 12260.0 vehicle.truck
13 48 21867.0 12206.0 vehicle.car
13 49 22214.0 12511.0 vehicle.car
13 51 22323.0 12640.0 vehicle.car
13 52 22230.0 12305.0 vehicle.car
13 53 21819.0 12128.0 vehicle.car
13 54 22398.0 12308.0 vehicle.car
13 55 21582.0 12264.0 vehicle.car
13 56 22218.0 12638.0 vehicle.car
13 57 22162.0 12635.0 vehicle.car
14 0 21869.0 12550.0 vehicle.ego
14 1 21761.0 12171.0 vehicle.car
14 2 21609.0 12647.0 vehicle.car
14 3 21666.0 12265.0 vehicle.car
14 5 21658.0 12129.0 vehicle.car
14 6 21459.0 12526.0 vehicle.car
14 7 21769.0 12258.0 vehicle.car
14 8 21799.0 12641.0 vehicle.car
14 9 21410.0 12525.0 vehicle.car
14 10 21580.0 12645.0 vehicle.car
14 11 21768.0 12522.0 vehicle.car
14 12 21689.0 12521.0 vehicle.car
14 14 21690.0 12264.0 vehicle.car
14 15 21740.0 12523.0 vehicle.truck
14 16 21521.0 12524.0 vehicle.car
14 17 21657.0 12523.0 vehicle.truck
14 18 22035.0 12305.0 vehicle.car
14 19 21664.0 12648.0 vehicle.car
14 20 21489.0 12523.0 vehicle.car
14 21 22008.0 12306.0 vehicle.car
14 22 21719.0 12649.0 vehicle.car
14 23 21418.0 12654.0 vehicle.car
14 24 21864.0 12721.0 human.pedestrian.adult
14 25 21256.0 12645.0 vehicle.car
14 26 21637.0 12650.0 vehicle.car
14 27 20991.0 12661.0 vehicle.car
14 28 21716.0 12254.0 vehicle.truck
14 29 22086.0 12630.0 vehicle.car
14 30 21692.0 12651.0 vehicle.car
14 31 21630.0 12516.0 vehicle.car
14 32 21577.0 12523.0 vehicle.car
14 33 21760.0 12596.0 vehicle.car
14 34 21772.0 12644.0 vehicle.car
14 35 21691.0 12386.0 vehicle.car
14 36 21744.0 12254.0 vehicle.car
14 37 21847.0 12254.0 vehicle.truck
14 38 22509.0 12298.0 vehicle.car
14 39 21640.0 12264.0 vehicle.car
14 40 21613.0 12264.0 vehicle.car
14 41 21928.0 12504.0 human.pedestrian.adult
14 42 21388.0 12654.0 vehicle.car
14 43 21975.0 12303.0 vehicle.car
14 44 22063.0 12305.0 vehicle.car
14 46 21822.0 12249.0 vehicle.car
14 47 21797.0 12260.0 vehicle.truck
14 48 21866.0 12206.0 vehicle.car
14 49 22214.0 12511.0 vehicle.car
14 51 22323.0 12639.0 vehicle.car
14 52 22230.0 12305.0 vehicle.car
14 53 21819.0 12128.0 vehicle.car
14 54 22398.0 12308.0 vehicle.car
14 55 21582.0 12264.0 vehicle.car
14 56 22218.0 12638.0 vehicle.car
14 57 22162.0 12634.0 vehicle.car
15 0 21872.0 12542.0 vehicle.ego
15 1 21761.0 12171.0 vehicle.car
15 2 21609.0 12647.0 vehicle.car
15 3 21666.0 12265.0 vehicle.car
15 5 21657.0 12129.0 vehicle.car
15 6 21459.0 12526.0 vehicle.car
15 7 21769.0 12257.0 vehicle.car
15 8 21799.0 12642.0 vehicle.car
15 9 21410.0 12525.0 vehicle.car
15 10 21580.0 12646.0 vehicle.car
15 11 21768.0 12522.0 vehicle.car
15 12 21689.0 12521.0 vehicle.car
15 14 21690.0 12262.0 vehicle.car
15 15 21739.0 12523.0 vehicle.truck
15 16 21521.0 12524.0 vehicle.car
15 17 21657.0 12523.0 vehicle.truck
15 18 22035.0 12307.0 vehicle.car
15 19 21664.0 12648.0 vehicle.car
15 20 21489.0 12523.0 vehicle.car
15 21 22008.0 12306.0 vehicle.car
15 22 21719.0 12649.0 vehicle.car
15 23 21418.0 12654.0 vehicle.car
15 24 21869.0 12722.0 human.pedestrian.adult
15 25 21256.0 12645.0 vehicle.car
15 26 21637.0 12650.0 vehicle.car
15 27 20991.0 12661.0 vehicle.car
15 28 21716.0 12254.0 vehicle.truck
15 29 22086.0 12631.0 vehicle.car
15 30 21692.0 12651.0 vehicle.car
15 31 21630.0 12516.0 vehicle.car
15 32 21577.0 12523.0 vehicle.car
15 33 21775.0 12597.0 vehicle.car
15 34 21772.0 12644.0 vehicle.car
15 35 21647.0 12385.0 vehicle.car
15 36 21745.0 12254.0 vehicle.car
15 37 21847.0 12254.0 vehicle.truck
15 38 22509.0 12298.0 vehicle.car
15 39 21640.0 12264.0 vehicle.car
15 40 21613.0 12262.0 vehicle.car
15 41 21928.0 12504.0 human.pedestrian.adult
15 42 21388.0 12654.0 vehicle.car
15 43 21975.0 12303.0 vehicle.car
15 44 22063.0 12305.0 vehicle.car
15 46 21821.0 12249.0 vehicle.car
15 47 21797.0 12260.0 vehicle.truck
15 48 21866.0 12206.0 vehicle.car
15 49 22213.0 12511.0 vehicle.car
15 51 22323.0 12639.0 vehicle.car
15 52 22231.0 12305.0 vehicle.car
15 53 21819.0 12128.0 vehicle.car
15 54 22398.0 12308.0 vehicle.car
15 55 21582.0 12264.0 vehicle.car
15 56 22217.0 12638.0 vehicle.car
15 57 22161.0 12634.0 vehicle.car
15 58 22248.0 12638.0 vehicle.car
15 59 22414.0 12636.0 vehicle.car
16 0 21874.0 12534.0 vehicle.ego
16 1 21761.0 12171.0 vehicle.car
16 2 21609.0 12647.0 vehicle.car
16 3 21666.0 12265.0 vehicle.car
16 5 21657.0 12129.0 vehicle.car
16 6 21459.0 12526.0 vehicle.car
16 7 21769.0 12257.0 vehicle.car
16 8 21799.0 12642.0 vehicle.car
16 9 21410.0 12525.0 vehicle.car
16 10 21580.0 12646.0 vehicle.car
16 11 21768.0 12522.0 vehicle.car
16 12 21689.0 12521.0 vehicle.car
16 14 21690.0 12262.0 vehicle.car
16 15 21739.0 12523.0 vehicle.truck
16 16 21521.0 12524.0 vehicle.car
16 17 21657.0 12523.0 vehicle.truck
16 18 22035.0 12306.0 vehicle.car
16 19 21664.0 12648.0 vehicle.car
16 20 21489.0 12523.0 vehicle.car
16 21 22008.0 12304.0 vehicle.car
16 22 21719.0 12649.0 vehicle.car
16 23 21418.0 12654.0 vehicle.car
16 24 21873.0 12723.0 human.pedestrian.adult
16 25 21256.0 12645.0 vehicle.car
16 26 21637.0 12650.0 vehicle.car
16 27 20991.0 12661.0 vehicle.car
16 28 21715.0 12254.0 vehicle.truck
16 29 22086.0 12630.0 vehicle.car
16 30 21692.0 12651.0 vehicle.car
16 31 21630.0 12516.0 vehicle.car
16 32 21577.0 12523.0 vehicle.car
16 33 21790.0 12597.0 vehicle.car
16 34 21771.0 12644.0 vehicle.car
16 36 21744.0 12254.0 vehicle.car
16 37 21846.0 12253.0 vehicle.truck
16 38 22509.0 12298.0 vehicle.car
16 39 21640.0 12263.0 vehicle.car
16 40 21613.0 12262.0 vehicle.car
16 41 21928.0 12504.0 human.pedestrian.adult
16 42 21388.0 12654.0 vehicle.car
16 43 21975.0 12304.0 vehicle.car
16 44 22063.0 12305.0 vehicle.car
16 46 21821.0 12249.0 vehicle.car
16 47 21796.0 12260.0 vehicle.truck
16 48 21866.0 12206.0 vehicle.car
16 49 22214.0 12511.0 vehicle.car
16 51 22323.0 12639.0 vehicle.car
16 52 22231.0 12305.0 vehicle.car
16 53 21818.0 12128.0 vehicle.car
16 54 22398.0 12308.0 vehicle.car
16 55 21582.0 12264.0 vehicle.car
16 56 22217.0 12637.0 vehicle.car
16 57 22161.0 12633.0 vehicle.car
16 58 22247.0 12637.0 vehicle.car
16 59 22414.0 12636.0 vehicle.car
16 60 21528.0 12256.0 vehicle.car
16 61 21499.0 12261.0 vehicle.car
16 62 22092.0 12302.0 vehicle.car
16 63 21556.0 12257.0 vehicle.truck
17 0 21875.0 12527.0 vehicle.ego
17 1 21761.0 12171.0 vehicle.car
17 2 21609.0 12647.0 vehicle.car
17 3 21666.0 12264.0 vehicle.car
17 5 21657.0 12129.0 vehicle.car
17 6 21459.0 12526.0 vehicle.car
17 7 21768.0 12257.0 vehicle.car
17 8 21799.0 12643.0 vehicle.car
17 9 21410.0 12525.0 vehicle.car
17 10 21580.0 12646.0 vehicle.car
17 11 21768.0 12522.0 vehicle.car
17 12 21689.0 12521.0 vehicle.car
17 14 21690.0 12262.0 vehicle.car
17 15 21739.0 12523.0 vehicle.truck
17 16 21521.0 12524.0 vehicle.car
17 17 21657.0 12523.0 vehicle.truck
17 18 22035.0 12305.0 vehicle.car
17 19 21664.0 12648.0 vehicle.car
17 20 21489.0 12523.0 vehicle.car
17 21 22008.0 12304.0 vehicle.car
17 22 21719.0 12649.0 vehicle.car
17 24 21878.0 12725.0 human.pedestrian.adult
17 25 21256.0 12644.0 vehicle.car
17 26 21637.0 12650.0 vehicle.car
17 27 20991.0 12661.0 vehicle.car
17 28 21716.0 12254.0 vehicle.truck
17 29 22086.0 12631.0 vehicle.car
17 30 21692.0 12652.0 vehicle.car
17 31 21630.0 12516.0 vehicle.car
17 32 21577.0 12523.0 vehicle.car
17 33 21803.0 12596.0 vehicle.car
17 34 21771.0 12644.0 vehicle.car
17 36 21744.0 12254.0 vehicle.car
17 37 21846.0 12254.0 vehicle.truck
17 38 22509.0 12298.0 vehicle.car
17 39 21640.0 12264.0 vehicle.car
17 40 21613.0 12262.0 vehicle.car
17 41 21928.0 12504.0 human.pedestrian.adult
17 42 21388.0 12654.0 vehicle.car
17 43 21975.0 12304.0 vehicle.car
17 44 22063.0 12305.0 vehicle.car
17 46 21821.0 12249.0 vehicle.car
17 47 21796.0 12260.0 vehicle.truck
17 48 21866.0 12206.0 vehicle.car
17 49 22214.0 12511.0 vehicle.car
17 51 22323.0 12640.0 vehicle.car
17 52 22231.0 12305.0 vehicle.car
17 53 21818.0 12128.0 vehicle.car
17 54 22398.0 12309.0 vehicle.car
17 55 21582.0 12264.0 vehicle.car
17 56 22216.0 12637.0 vehicle.car
17 57 22161.0 12634.0 vehicle.car
17 58 22246.0 12637.0 vehicle.car
17 59 22414.0 12636.0 vehicle.car
17 60 21528.0 12256.0 vehicle.car
17 61 21499.0 12261.0 vehicle.car
17 62 22092.0 12302.0 vehicle.car
17 63 21556.0 12259.0 vehicle.truck
17 64 21452.0 12268.0 vehicle.car
17 65 22118.0 12301.0 vehicle.car
18 0 21875.0 12521.0 vehicle.ego
18 1 21761.0 12171.0 vehicle.car
18 2 21609.0 12647.0 vehicle.car
18 3 21666.0 12264.0 vehicle.car
18 5 21657.0 12128.0 vehicle.car
18 6 21459.0 12526.0 vehicle.car
18 7 21768.0 12257.0 vehicle.car
18 8 21799.0 12643.0 vehicle.car
18 9 21410.0 12525.0 vehicle.car
18 10 21580.0 12646.0 vehicle.car
18 11 21768.0 12522.0 vehicle.car
18 12 21689.0 12521.0 vehicle.car
18 14 21690.0 12264.0 vehicle.car
18 15 21739.0 12523.0 vehicle.truck
18 16 21521.0 12524.0 vehicle.car
18 17 21657.0 12523.0 vehicle.truck
18 18 22035.0 12305.0 vehicle.car
18 19 21664.0 12648.0 vehicle.car
18 20 21489.0 12523.0 vehicle.car
18 21 22008.0 12305.0 vehicle.car
18 22 21719.0 12649.0 vehicle.car
18 24 21883.0 12725.0 human.pedestrian.adult
18 25 21256.0 12645.0 vehicle.car
18 26 21637.0 12650.0 vehicle.car
18 28 21716.0 12255.0 vehicle.truck
18 29 22086.0 12631.0 vehicle.car
18 30 21692.0 12653.0 vehicle.car
18 31 21630.0 12516.0 vehicle.car
18 32 21577.0 12523.0 vehicle.car
18 33 21817.0 12593.0 vehicle.car
18 34 21771.0 12644.0 vehicle.car
18 36 21744.0 12254.0 vehicle.car
18 37 21846.0 12253.0 vehicle.truck
18 38 22509.0 12298.0 vehicle.car
18 39 21640.0 12264.0 vehicle.car
18 40 21613.0 12262.0 vehicle.car
18 41 21928.0 12504.0 human.pedestrian.adult
18 42 21388.0 12654.0 vehicle.car
18 43 21975.0 12305.0 vehicle.car
18 44 22063.0 12305.0 vehicle.car
18 46 21821.0 12250.0 vehicle.car
18 47 21796.0 12259.0 vehicle.truck
18 48 21866.0 12206.0 vehicle.car
18 49 22214.0 12511.0 vehicle.car
18 51 22323.0 12640.0 vehicle.car
18 52 22232.0 12305.0 vehicle.car
18 53 21818.0 12128.0 vehicle.car
18 54 22398.0 12309.0 vehicle.car
18 55 21584.0 12265.0 vehicle.car
18 56 22216.0 12637.0 vehicle.car
18 57 22161.0 12634.0 vehicle.car
18 58 22246.0 12637.0 vehicle.car
18 59 22413.0 12636.0 vehicle.car
18 60 21528.0 12257.0 vehicle.car
18 61 21499.0 12261.0 vehicle.car
18 62 22092.0 12303.0 vehicle.car
18 63 21556.0 12258.0 vehicle.truck
18 64 21452.0 12268.0 vehicle.car
18 65 22118.0 12301.0 vehicle.car
18 66 22148.0 12307.0 vehicle.truck
19 0 21875.0 12517.0 vehicle.ego
19 1 21761.0 12171.0 vehicle.car
19 2 21609.0 12647.0 vehicle.car
19 3 21666.0 12264.0 vehicle.car
19 5 21657.0 12128.0 vehicle.car
19 6 21459.0 12526.0 vehicle.car
19 7 21769.0 12258.0 vehicle.car
19 8 21799.0 12643.0 vehicle.car
19 9 21410.0 12525.0 vehicle.car
19 10 21580.0 12646.0 vehicle.car
19 11 21768.0 12522.0 vehicle.car
19 12 21689.0 12521.0 vehicle.car
19 14 21690.0 12264.0 vehicle.car
19 15 21739.0 12523.0 vehicle.truck
19 16 21521.0 12524.0 vehicle.car
19 17 21657.0 12523.0 vehicle.truck
19 18 22034.0 12305.0 vehicle.car
19 19 21664.0 12648.0 vehicle.car
19 20 21489.0 12523.0 vehicle.car
19 21 22007.0 12305.0 vehicle.car
19 22 21719.0 12649.0 vehicle.car
19 24 21888.0 12726.0 human.pedestrian.adult
19 25 21256.0 12645.0 vehicle.car
19 26 21637.0 12650.0 vehicle.car
19 28 21715.0 12255.0 vehicle.truck
19 29 22086.0 12630.0 vehicle.car
19 30 21692.0 12653.0 vehicle.car
19 31 21630.0 12516.0 vehicle.car
19 32 21577.0 12523.0 vehicle.car
19 33 21826.0 12589.0 vehicle.car
19 34 21771.0 12645.0 vehicle.car
19 36 21744.0 12254.0 vehicle.car
19 37 21846.0 12254.0 vehicle.truck
19 38 22509.0 12298.0 vehicle.car
19 39 21640.0 12264.0 vehicle.car
19 40 21613.0 12263.0 vehicle.car
19 41 21928.0 12504.0 human.pedestrian.adult
19 42 21388.0 12654.0 vehicle.car
19 43 21975.0 12305.0 vehicle.car
19 44 22062.0 12305.0 vehicle.car
19 46 21821.0 12250.0 vehicle.car
19 47 21796.0 12260.0 vehicle.truck
19 48 21866.0 12206.0 vehicle.car
19 49 22213.0 12511.0 vehicle.car
19 51 22324.0 12656.0 vehicle.car
19 52 22232.0 12305.0 vehicle.car
19 53 21818.0 12128.0 vehicle.car
19 54 22398.0 12309.0 vehicle.car
19 55 21583.0 12265.0 vehicle.car
19 56 22215.0 12637.0 vehicle.car
19 57 22162.0 12632.0 vehicle.car
19 58 22247.0 12638.0 vehicle.car
19 59 22413.0 12636.0 vehicle.car
19 60 21527.0 12257.0 vehicle.car
19 61 21499.0 12261.0 vehicle.car
19 62 22092.0 12302.0 vehicle.car
19 63 21556.0 12258.0 vehicle.truck
19 64 21452.0 12268.0 vehicle.car
19 65 22118.0 12300.0 vehicle.car
19 66 22148.0 12305.0 vehicle.truck
19 67 22178.0 12309.0 vehicle.truck
19 68 22259.0 12309.0 vehicle.truck
19 69 21393.0 12269.0 vehicle.truck
20 0 21874.0 12514.0 vehicle.ego
20 1 21761.0 12171.0 vehicle.car
20 2 21609.0 12647.0 vehicle.car
20 3 21665.0 12263.0 vehicle.car
20 5 21657.0 12128.0 vehicle.car
20 6 21459.0 12526.0 vehicle.car
20 7 21770.0 12258.0 vehicle.car
20 8 21799.0 12642.0 vehicle.car
20 9 21410.0 12525.0 vehicle.car
20 10 21580.0 12646.0 vehicle.car
20 11 21768.0 12522.0 vehicle.car
20 12 21689.0 12521.0 vehicle.car
20 14 21690.0 12264.0 vehicle.car
20 15 21739.0 12523.0 vehicle.truck
20 16 21521.0 12524.0 vehicle.car
20 17 21657.0 12523.0 vehicle.truck
20 18 22034.0 12305.0 vehicle.car
20 19 21664.0 12648.0 vehicle.car
20 20 21489.0 12523.0 vehicle.car
20 21 22007.0 12305.0 vehicle.car
20 22 21719.0 12649.0 vehicle.car
20 24 21891.0 12725.0 human.pedestrian.adult
20 25 21256.0 12645.0 vehicle.car
20 26 21637.0 12650.0 vehicle.car
20 28 21715.0 12254.0 vehicle.truck
20 29 22086.0 12630.0 vehicle.car
20 30 21692.0 12653.0 vehicle.car
20 31 21630.0 12516.0 vehicle.car
20 32 21577.0 12523.0 vehicle.car
20 33 21835.0 12584.0 vehicle.car
20 34 21771.0 12644.0 vehicle.car
20 36 21744.0 12254.0 vehicle.car
20 37 21845.0 12254.0 vehicle.truck
20 38 22509.0 12298.0 vehicle.car
20 39 21640.0 12264.0 vehicle.car
20 40 21613.0 12262.0 vehicle.car
20 41 21928.0 12504.0 human.pedestrian.adult
20 42 21388.0 12654.0 vehicle.car
20 43 21975.0 12305.0 vehicle.car
20 44 22062.0 12305.0 vehicle.car
20 46 21821.0 12250.0 vehicle.car
20 47 21796.0 12261.0 vehicle.truck
20 48 21866.0 12205.0 vehicle.car
20 49 22213.0 12511.0 vehicle.car
20 51 22324.0 12655.0 vehicle.car
20 52 22232.0 12305.0 vehicle.car
20 53 21818.0 12128.0 vehicle.car
20 54 22398.0 12309.0 vehicle.car
20 55 21583.0 12266.0 vehicle.car
20 56 22216.0 12637.0 vehicle.car
20 57 22162.0 12632.0 vehicle.car
20 58 22247.0 12638.0 vehicle.car
20 59 22412.0 12636.0 vehicle.car
20 60 21527.0 12257.0 vehicle.car
20 61 21499.0 12261.0 vehicle.car
20 62 22092.0 12302.0 vehicle.car
20 63 21556.0 12258.0 vehicle.truck
20 64 21452.0 12268.0 vehicle.car
20 65 22118.0 12300.0 vehicle.car
20 66 22148.0 12305.0 vehicle.truck
20 67 22178.0 12309.0 vehicle.truck
20 68 22263.0 12309.0 vehicle.truck
20 69 21393.0 12269.0 vehicle.truck
21 0 21874.0 12512.0 vehicle.ego
21 1 21760.0 12172.0 vehicle.car
21 2 21609.0 12647.0 vehicle.car
21 3 21666.0 12263.0 vehicle.car
21 5 21657.0 12127.0 vehicle.car
21 6 21459.0 12526.0 vehicle.car
21 7 21770.0 12257.0 vehicle.car
21 8 21799.0 12642.0 vehicle.car
21 9 21410.0 12525.0 vehicle.car
21 10 21580.0 12646.0 vehicle.car
21 11 21768.0 12522.0 vehicle.car
21 12 21689.0 12521.0 vehicle.car
21 14 21690.0 12263.0 vehicle.car
21 15 21739.0 12523.0 vehicle.truck
21 16 21521.0 12524.0 vehicle.car
21 17 21657.0 12523.0 vehicle.truck
21 18 22035.0 12305.0 vehicle.car
21 19 21664.0 12648.0 vehicle.car
21 20 21489.0 12523.0 vehicle.car
21 21 22007.0 12305.0 vehicle.car
21 22 21719.0 12649.0 vehicle.car
21 24 21895.0 12725.0 human.pedestrian.adult
21 25 21256.0 12645.0 vehicle.car
21 26 21637.0 12650.0 vehicle.car
21 28 21716.0 12254.0 vehicle.truck
21 29 22086.0 12630.0 vehicle.car
21 30 21692.0 12652.0 vehicle.car
21 31 21630.0 12516.0 vehicle.car
21 32 21577.0 12523.0 vehicle.car
21 33 21842.0 12578.0 vehicle.car
21 34 21771.0 12644.0 vehicle.car
21 36 21744.0 12254.0 vehicle.car
21 37 21846.0 12253.0 vehicle.truck
21 38 22509.0 12298.0 vehicle.car
21 39 21640.0 12263.0 vehicle.car
21 40 21613.0 12262.0 vehicle.car
21 41 21928.0 12504.0 human.pedestrian.adult
21 42 21388.0 12654.0 vehicle.car
21 43 21975.0 12304.0 vehicle.car
21 44 22062.0 12305.0 vehicle.car
21 46 21821.0 12250.0 vehicle.car
21 47 21796.0 12260.0 vehicle.truck
21 48 21866.0 12205.0 vehicle.car
21 49 22213.0 12511.0 vehicle.car
21 51 22324.0 12653.0 vehicle.car
21 52 22232.0 12305.0 vehicle.car
21 53 21818.0 12128.0 vehicle.car
21 54 22398.0 12309.0 vehicle.car
21 55 21583.0 12266.0 vehicle.car
21 56 22216.0 12637.0 vehicle.car
21 57 22161.0 12632.0 vehicle.car
21 58 22247.0 12638.0 vehicle.car
21 59 22412.0 12636.0 vehicle.car
21 60 21527.0 12257.0 vehicle.car
21 61 21499.0 12261.0 vehicle.car
21 62 22092.0 12302.0 vehicle.car
21 63 21556.0 12258.0 vehicle.truck
21 64 21452.0 12268.0 vehicle.car
21 65 22119.0 12300.0 vehicle.car
21 66 22148.0 12305.0 vehicle.truck
21 67 22178.0 12309.0 vehicle.truck
21 68 22267.0 12309.0 vehicle.truck
21 69 21393.0 12269.0 vehicle.truck
22 0 21874.0 12511.0 vehicle.ego
22 1 21760.0 12172.0 vehicle.car
22 2 21609.0 12647.0 vehicle.car
22 3 21666.0 12263.0 vehicle.car
22 5 21658.0 12127.0 vehicle.car
22 6 21459.0 12526.0 vehicle.car
22 7 21769.0 12256.0 vehicle.car
22 8 21799.0 12641.0 vehicle.car
22 9 21410.0 12525.0 vehicle.car
22 10 21580.0 12645.0 vehicle.car
22 11 21768.0 12522.0 vehicle.car
22 12 21689.0 12521.0 vehicle.car
22 14 21690.0 12263.0 vehicle.car
22 15 21739.0 12523.0 vehicle.truck
22 16 21521.0 12524.0 vehicle.car
22 17 21657.0 12523.0 vehicle.truck
22 18 22035.0 12305.0 vehicle.car
22 19 21664.0 12647.0 vehicle.car
22 20 21489.0 12523.0 vehicle.car
22 21 22007.0 12305.0 vehicle.car
22 22 21719.0 12648.0 vehicle.car
22 24 21898.0 12725.0 human.pedestrian.adult
22 25 21256.0 12645.0 vehicle.car
22 26 21637.0 12650.0 vehicle.car
22 28 21716.0 12254.0 vehicle.truck
22 29 22086.0 12630.0 vehicle.car
22 30 21692.0 12651.0 vehicle.car
22 31 21630.0 12516.0 vehicle.car
22 32 21577.0 12523.0 vehicle.car
22 33 21848.0 12572.0 vehicle.car
22 34 21771.0 12643.0 vehicle.car
22 36 21744.0 12254.0 vehicle.car
22 37 21846.0 12253.0 vehicle.truck
22 38 22509.0 12298.0 vehicle.car
22 39 21640.0 12262.0 vehicle.car
22 40 21613.0 12262.0 vehicle.car
22 41 21928.0 12504.0 human.pedestrian.adult
22 43 21975.0 12304.0 vehicle.car
22 44 22062.0 12305.0 vehicle.car
22 46 21821.0 12250.0 vehicle.car
22 47 21796.0 12260.0 vehicle.truck
22 48 21866.0 12205.0 vehicle.car
22 49 22213.0 12511.0 vehicle.car
22 51 22324.0 12651.0 vehicle.car
22 52 22232.0 12305.0 vehicle.car
22 53 21818.0 12128.0 vehicle.car
22 54 22398.0 12309.0 vehicle.car
22 55 21583.0 12266.0 vehicle.car
22 56 22216.0 12637.0 vehicle.car
22 57 22162.0 12632.0 vehicle.car
22 58 22246.0 12638.0 vehicle.car
22 59 22412.0 12636.0 vehicle.car
22 60 21527.0 12257.0 vehicle.car
22 61 21499.0 12261.0 vehicle.car
22 62 22092.0 12301.0 vehicle.car
22 63 21556.0 12257.0 vehicle.truck
22 64 21452.0 12268.0 vehicle.car
22 65 22119.0 12300.0 vehicle.car
22 66 22148.0 12305.0 vehicle.truck
22 67 22178.0 12309.0 vehicle.truck
22 68 22265.0 12309.0 vehicle.truck
22 69 21393.0 12269.0 vehicle.truck
23 0 21874.0 12511.0 vehicle.ego
23 1 21760.0 12172.0 vehicle.car
23 2 21609.0 12647.0 vehicle.car
23 3 21666.0 12263.0 vehicle.car
23 5 21658.0 12127.0 vehicle.car
23 6 21459.0 12526.0 vehicle.car
23 7 21770.0 12256.0 vehicle.car
23 8 21799.0 12641.0 vehicle.car
23 9 21410.0 12525.0 vehicle.car
23 10 21580.0 12645.0 vehicle.car
23 11 21768.0 12522.0 vehicle.car
23 12 21689.0 12521.0 vehicle.car
23 14 21690.0 12263.0 vehicle.car
23 15 21739.0 12523.0 vehicle.truck
23 16 21521.0 12524.0 vehicle.car
23 17 21657.0 12523.0 vehicle.truck
23 18 22035.0 12305.0 vehicle.car
23 19 21664.0 12647.0 vehicle.car
23 20 21489.0 12523.0 vehicle.car
23 21 22007.0 12305.0 vehicle.car
23 22 21719.0 12648.0 vehicle.car
23 24 21901.0 12724.0 human.pedestrian.adult
23 25 21256.0 12645.0 vehicle.car
23 26 21637.0 12649.0 vehicle.car
23 28 21716.0 12254.0 vehicle.truck
23 29 22086.0 12630.0 vehicle.car
23 30 21692.0 12652.0 vehicle.car
23 31 21630.0 12516.0 vehicle.car
23 32 21577.0 12523.0 vehicle.car
23 33 21852.0 12567.0 vehicle.car
23 34 21771.0 12643.0 vehicle.car
23 36 21745.0 12253.0 vehicle.car
23 37 21846.0 12252.0 vehicle.truck
23 38 22509.0 12298.0 vehicle.car
23 39 21640.0 12263.0 vehicle.car
23 40 21613.0 12262.0 vehicle.car
23 41 21928.0 12505.0 human.pedestrian.adult
23 43 21975.0 12304.0 vehicle.car
23 44 22062.0 12305.0 vehicle.car
23 46 21821.0 12250.0 vehicle.car
23 47 21797.0 12260.0 vehicle.truck
23 48 21866.0 12205.0 vehicle.car
23 49 22213.0 12511.0 vehicle.car
23 51 22324.0 12649.0 vehicle.car
23 52 22233.0 12305.0 vehicle.car
23 53 21818.0 12128.0 vehicle.car
23 54 22398.0 12309.0 vehicle.car
23 55 21582.0 12267.0 vehicle.car
23 56 22216.0 12637.0 vehicle.car
23 57 22162.0 12632.0 vehicle.car
23 58 22246.0 12638.0 vehicle.car
23 59 22411.0 12636.0 vehicle.car
23 60 21527.0 12257.0 vehicle.car
23 61 21499.0 12261.0 vehicle.car
23 62 22092.0 12302.0 vehicle.car
23 63 21556.0 12256.0 vehicle.truck
23 64 21452.0 12268.0 vehicle.car
23 65 22119.0 12300.0 vehicle.car
23 66 22149.0 12306.0 vehicle.truck
23 67 22178.0 12309.0 vehicle.truck
23 68 22264.0 12309.0 vehicle.truck
23 69 21393.0 12269.0 vehicle.truck
24 0 21874.0 12511.0 vehicle.ego
24 1 21760.0 12172.0 vehicle.car
24 2 21609.0 12647.0 vehicle.car
24 3 21666.0 12263.0 vehicle.car
24 5 21657.0 12127.0 vehicle.car
24 6 21459.0 12526.0 vehicle.car
24 7 21770.0 12256.0 vehicle.car
24 8 21799.0 12641.0 vehicle.car
24 9 21410.0 12525.0 vehicle.car
24 10 21580.0 12644.0 vehicle.car
24 11 21768.0 12522.0 vehicle.car
24 12 21689.0 12521.0 vehicle.car
24 14 21691.0 12263.0 vehicle.car
24 15 21739.0 12523.0 vehicle.truck
24 16 21521.0 12524.0 vehicle.car
24 17 21657.0 12523.0 vehicle.truck
24 18 22035.0 12304.0 vehicle.car
24 19 21664.0 12647.0 vehicle.car
24 20 21489.0 12523.0 vehicle.car
24 21 22008.0 12305.0 vehicle.car
24 22 21719.0 12648.0 vehicle.car
24 24 21903.0 12724.0 human.pedestrian.adult
24 25 21256.0 12645.0 vehicle.car
24 26 21637.0 12648.0 vehicle.car
24 28 21716.0 12253.0 vehicle.truck
24 29 22085.0 12631.0 vehicle.car
24 30 21692.0 12650.0 vehicle.car
24 31 21630.0 12516.0 vehicle.car
24 32 21577.0 12523.0 vehicle.car
24 33 21855.0 12562.0 vehicle.car
24 34 21771.0 12643.0 vehicle.car
24 36 21745.0 12253.0 vehicle.car
24 37 21847.0 12253.0 vehicle.truck
24 38 22509.0 12298.0 vehicle.car
24 39 21640.0 12262.0 vehicle.car
24 40 21613.0 12260.0 vehicle.car
24 41 21928.0 12505.0 human.pedestrian.adult
24 43 21975.0 12304.0 vehicle.car
24 44 22062.0 12306.0 vehicle.car
24 46 21822.0 12250.0 vehicle.car
24 47 21797.0 12259.0 vehicle.truck
24 48 21867.0 12205.0 vehicle.car
24 49 22213.0 12511.0 vehicle.car
24 51 22324.0 12648.0 vehicle.car
24 52 22233.0 12306.0 vehicle.car
24 53 21818.0 12128.0 vehicle.car
24 54 22398.0 12311.0 vehicle.car
24 55 21582.0 12267.0 vehicle.car
24 56 22216.0 12637.0 vehicle.car
24 57 22161.0 12632.0 vehicle.car
24 58 22245.0 12638.0 vehicle.car
24 59 22411.0 12636.0 vehicle.car
24 60 21527.0 12257.0 vehicle.car
24 61 21499.0 12261.0 vehicle.car
24 62 22092.0 12302.0 vehicle.car
24 63 21556.0 12256.0 vehicle.truck
24 64 21452.0 12266.0 vehicle.car
24 65 22119.0 12301.0 vehicle.car
24 66 22149.0 12306.0 vehicle.truck
24 67 22178.0 12309.0 vehicle.truck
24 68 22262.0 12309.0 vehicle.truck
24 69 21393.0 12268.0 vehicle.truck
25 0 21874.0 12511.0 vehicle.ego
25 1 21760.0 12172.0 vehicle.car
25 2 21609.0 12647.0 vehicle.car
25 3 21666.0 12265.0 vehicle.car
25 5 21656.0 12129.0 vehicle.car
25 6 21459.0 12526.0 vehicle.car
25 7 21770.0 12257.0 vehicle.car
25 8 21799.0 12643.0 vehicle.car
25 9 21410.0 12525.0 vehicle.car
25 10 21580.0 12647.0 vehicle.car
25 11 21768.0 12522.0 vehicle.car
25 12 21689.0 12521.0 vehicle.car
25 14 21690.0 12264.0 vehicle.car
25 15 21739.0 12523.0 vehicle.truck
25 16 21521.0 12524.0 vehicle.car
25 17 21657.0 12523.0 vehicle.truck
25 18 22035.0 12307.0 vehicle.car
25 19 21664.0 12649.0 vehicle.car
25 20 21489.0 12523.0 vehicle.car
25 21 22008.0 12307.0 vehicle.car
25 22 21719.0 12650.0 vehicle.car
25 24 21902.0 12725.0 human.pedestrian.adult
25 25 21256.0 12645.0 vehicle.car
25 26 21637.0 12651.0 vehicle.car
25 28 21715.0 12255.0 vehicle.truck
25 29 22085.0 12632.0 vehicle.car
25 30 21692.0 12654.0 vehicle.car
25 31 21630.0 12516.0 vehicle.car
25 32 21577.0 12523.0 vehicle.car
25 33 21857.0 12561.0 vehicle.car
25 34 21771.0 12646.0 vehicle.car
25 36 21745.0 12255.0 vehicle.car
25 37 21847.0 12255.0 vehicle.truck
25 38 22509.0 12298.0 vehicle.car
25 39 21640.0 12264.0 vehicle.car
25 40 21613.0 12263.0 vehicle.car
25 41 21928.0 12505.0 human.pedestrian.adult
25 43 21975.0 12306.0 vehicle.car
25 44 22062.0 12307.0 vehicle.car
25 46 21822.0 12250.0 vehicle.car
25 47 21796.0 12262.0 vehicle.truck
25 48 21866.0 12207.0 vehicle.car
25 49 22213.0 12511.0 vehicle.car
25 51 22324.0 12646.0 vehicle.car
25 52 22233.0 12306.0 vehicle.car
25 53 21818.0 12128.0 vehicle.car
25 54 22398.0 12312.0 vehicle.car
25 55 21582.0 12267.0 vehicle.car
25 56 22216.0 12637.0 vehicle.car
25 57 22161.0 12633.0 vehicle.car
25 58 22245.0 12638.0 vehicle.car
25 59 22410.0 12635.0 vehicle.car
25 60 21526.0 12257.0 vehicle.car
25 61 21499.0 12261.0 vehicle.car
25 62 22092.0 12303.0 vehicle.car
25 63 21556.0 12257.0 vehicle.truck
25 65 22119.0 12302.0 vehicle.car
25 66 22149.0 12307.0 vehicle.truck
25 67 22178.0 12309.0 vehicle.truck
25 68 22261.0 12309.0 vehicle.truck
25 69 21393.0 12271.0 vehicle.truck
25 70 21425.0 12267.0 vehicle.car
25 71 21476.0 12262.0 vehicle.car
26 0 21873.0 12506.0 vehicle.ego
26 1 21760.0 12172.0 vehicle.car
26 2 21609.0 12647.0 vehicle.car
26 3 21666.0 12268.0 vehicle.car
26 5 21656.0 12131.0 vehicle.car
26 6 21459.0 12526.0 vehicle.car
26 7 21769.0 12259.0 vehicle.car
26 8 21799.0 12645.0 vehicle.car
26 9 21410.0 12525.0 vehicle.car
26 10 21580.0 12648.0 vehicle.car
26 11 21768.0 12522.0 vehicle.car
26 12 21689.0 12521.0 vehicle.car
26 14 21689.0 12267.0 vehicle.car
26 15 21739.0 12523.0 vehicle.truck
26 16 21521.0 12524.0 vehicle.car
26 17 21657.0 12523.0 vehicle.truck
26 18 22034.0 12308.0 vehicle.car
26 19 21664.0 12649.0 vehicle.car
26 20 21489.0 12523.0 vehicle.car
26 21 22007.0 12307.0 vehicle.car
26 22 21719.0 12653.0 vehicle.car
26 24 21900.0 12728.0 human.pedestrian.adult
26 25 21256.0 12645.0 vehicle.car
26 26 21637.0 12653.0 vehicle.car
26 28 21714.0 12258.0 vehicle.truck
26 29 22086.0 12632.0 vehicle.car
26 30 21692.0 12654.0 vehicle.car
26 31 21630.0 12516.0 vehicle.car
26 32 21577.0 12523.0 vehicle.car
26 33 21859.0 12561.0 vehicle.car
26 34 21772.0 12645.0 vehicle.car
26 36 21743.0 12258.0 vehicle.car
26 37 21845.0 12256.0 vehicle.truck
26 38 22509.0 12298.0 vehicle.car
26 39 21640.0 12267.0 vehicle.car
26 40 21613.0 12266.0 vehicle.car
26 41 21928.0 12505.0 human.pedestrian.adult
26 43 21974.0 12307.0 vehicle.car
26 44 22062.0 12308.0 vehicle.car
26 46 21820.0 12251.0 vehicle.car
26 47 21796.0 12263.0 vehicle.truck
26 48 21864.0 12209.0 vehicle.car
26 49 22213.0 12511.0 vehicle.car
26 51 22324.0 12644.0 vehicle.car
26 52 22232.0 12305.0 vehicle.car
26 53 21818.0 12128.0 vehicle.car
26 54 22398.0 12311.0 vehicle.car
26 55 21582.0 12268.0 vehicle.car
26 56 22217.0 12638.0 vehicle.car
26 57 22161.0 12633.0 vehicle.car
26 58 22245.0 12638.0 vehicle.car
26 59 22410.0 12635.0 vehicle.car
26 60 21527.0 12258.0 vehicle.car
26 61 21499.0 12265.0 vehicle.car
26 62 22092.0 12303.0 vehicle.car
26 63 21556.0 12261.0 vehicle.truck
26 65 22119.0 12302.0 vehicle.car
26 66 22148.0 12307.0 vehicle.truck
26 67 22178.0 12309.0 vehicle.truck
26 68 22259.0 12309.0 vehicle.truck
26 69 21393.0 12274.0 vehicle.truck
26 70 21425.0 12269.0 vehicle.car
26 71 21476.0 12266.0 vehicle.car
27 0 21872.0 12496.0 vehicle.ego
27 1 21760.0 12172.0 vehicle.car
27 2 21609.0 12647.0 vehicle.car
27 3 21666.0 12268.0 vehicle.car
27 5 21658.0 12130.0 vehicle.car
27 6 21459.0 12526.0 vehicle.car
27 7 21769.0 12259.0 vehicle.car
27 8 21799.0 12645.0 vehicle.car
27 9 21410.0 12525.0 vehicle.car
27 10 21580.0 12648.0 vehicle.car
27 11 21768.0 12524.0 vehicle.car
27 12 21689.0 12521.0 vehicle.car
27 14 21689.0 12266.0 vehicle.car
27 15 21739.0 12523.0 vehicle.truck
27 16 21521.0 12524.0 vehicle.car
27 17 21657.0 12523.0 vehicle.truck
27 18 22034.0 12308.0 vehicle.car
27 19 21664.0 12649.0 vehicle.car
27 20 21489.0 12523.0 vehicle.car
27 21 22007.0 12307.0 vehicle.car
27 22 21720.0 12652.0 vehicle.car
27 24 21900.0 12729.0 human.pedestrian.adult
27 25 21256.0 12645.0 vehicle.car
27 26 21637.0 12653.0 vehicle.car
27 28 21715.0 12257.0 vehicle.truck
27 29 22086.0 12631.0 vehicle.car
27 30 21692.0 12654.0 vehicle.car
27 31 21630.0 12516.0 vehicle.car
27 32 21577.0 12523.0 vehicle.car
27 33 21860.0 12560.0 vehicle.car
27 34 21772.0 12645.0 vehicle.car
27 36 21743.0 12258.0 vehicle.car
27 37 21845.0 12256.0 vehicle.truck
27 38 22509.0 12298.0 vehicle.car
27 39 21640.0 12268.0 vehicle.car
27 40 21613.0 12266.0 vehicle.car
27 41 21928.0 12505.0 human.pedestrian.adult
27 43 21974.0 12306.0 vehicle.car
27 44 22062.0 12307.0 vehicle.car
27 46 21821.0 12251.0 vehicle.car
27 47 21796.0 12263.0 vehicle.truck
27 48 21865.0 12208.0 vehicle.car
27 49 22213.0 12511.0 vehicle.car
27 51 22324.0 12642.0 vehicle.car
27 52 22232.0 12306.0 vehicle.car
27 53 21818.0 12128.0 vehicle.car
27 54 22398.0 12310.0 vehicle.car
27 55 21581.0 12268.0 vehicle.car
27 56 22217.0 12638.0 vehicle.car
27 57 22162.0 12634.0 vehicle.car
27 58 22245.0 12638.0 vehicle.car
27 59 22410.0 12635.0 vehicle.car
27 60 21528.0 12258.0 vehicle.car
27 61 21499.0 12263.0 vehicle.car
27 62 22092.0 12303.0 vehicle.car
27 63 21556.0 12262.0 vehicle.truck
27 65 22118.0 12302.0 vehicle.car
27 66 22148.0 12304.0 vehicle.truck
27 67 22178.0 12310.0 vehicle.truck
27 68 22259.0 12309.0 vehicle.truck
27 69 21393.0 12273.0 vehicle.truck
27 70 21425.0 12272.0 vehicle.car
27 71 21476.0 12265.0 vehicle.car
27 72 22461.0 12502.0 vehicle.car
28 0 21872.0 12483.0 vehicle.ego
28 1 21760.0 12171.0 vehicle.car
28 3 21666.0 12266.0 vehicle.car
28 5 21659.0 12129.0 vehicle.car
28 6 21459.0 12526.0 vehicle.car
28 7 21769.0 12259.0 vehicle.car
28 8 21799.0 12643.0 vehicle.car
28 9 21410.0 12525.0 vehicle.car
28 10 21580.0 12648.0 vehicle.car
28 11 21768.0 12522.0 vehicle.car
28 12 21689.0 12521.0 vehicle.car
28 14 21690.0 12264.0 vehicle.car
28 15 21739.0 12523.0 vehicle.truck
28 16 21521.0 12524.0 vehicle.car
28 17 21657.0 12523.0 vehicle.truck
28 18 22035.0 12308.0 vehicle.car
28 19 21664.0 12649.0 vehicle.car
28 20 21489.0 12523.0 vehicle.car
28 21 22008.0 12307.0 vehicle.car
28 22 21719.0 12651.0 vehicle.car
28 24 21897.0 12731.0 human.pedestrian.adult
28 25 21256.0 12645.0 vehicle.car
28 26 21637.0 12650.0 vehicle.car
28 28 21715.0 12256.0 vehicle.truck
28 29 22087.0 12631.0 vehicle.car
28 30 21692.0 12654.0 vehicle.car
28 31 21630.0 12516.0 vehicle.car
28 32 21577.0 12523.0 vehicle.car
28 33 21860.0 12557.0 vehicle.car
28 34 21772.0 12645.0 vehicle.car
28 36 21743.0 12256.0 vehicle.car
28 37 21846.0 12255.0 vehicle.truck
28 38 22509.0 12298.0 vehicle.car
28 39 21640.0 12265.0 vehicle.car
28 40 21613.0 12263.0 vehicle.car
28 41 21928.0 12505.0 human.pedestrian.adult
28 43 21975.0 12306.0 vehicle.car
28 44 22062.0 12307.0 vehicle.car
28 46 21822.0 12250.0 vehicle.car
28 47 21796.0 12261.0 vehicle.truck
28 48 21867.0 12206.0 vehicle.car
28 49 22213.0 12511.0 vehicle.car
28 51 22324.0 12640.0 vehicle.car
28 52 22233.0 12306.0 vehicle.car
28 53 21818.0 12128.0 vehicle.car
28 54 22398.0 12310.0 vehicle.car
28 55 21582.0 12265.0 vehicle.car
28 56 22217.0 12638.0 vehicle.car
28 57 22162.0 12634.0 vehicle.car
28 58 22245.0 12638.0 vehicle.car
28 59 22409.0 12635.0 vehicle.car
28 60 21529.0 12259.0 vehicle.car
28 61 21499.0 12262.0 vehicle.car
28 62 22092.0 12303.0 vehicle.car
28 63 21556.0 12258.0 vehicle.truck
28 65 22119.0 12302.0 vehicle.car
28 66 22148.0 12304.0 vehicle.truck
28 67 22178.0 12310.0 vehicle.truck
28 68 22259.0 12308.0 vehicle.truck
28 69 21393.0 12271.0 vehicle.truck
28 70 21425.0 12269.0 vehicle.car
28 71 21476.0 12263.0 vehicle.car
28 72 22460.0 12504.0 vehicle.car
28 73 22562.0 12307.0 vehicle.car
29 0 21874.0 12468.0 vehicle.ego
29 1 21760.0 12171.0 vehicle.car
29 3 21666.0 12264.0 vehicle.car
29 5 21659.0 12131.0 vehicle.car
29 7 21770.0 12258.0 vehicle.car
29 8 21799.0 12643.0 vehicle.car
29 9 21410.0 12525.0 vehicle.car
29 10 21580.0 12648.0 vehicle.car
29 11 21768.0 12522.0 vehicle.car
29 12 21689.0 12521.0 vehicle.car
29 14 21689.0 12263.0 vehicle.car
29 15 21739.0 12523.0 vehicle.truck
29 16 21521.0 12524.0 vehicle.car
29 17 21657.0 12523.0 vehicle.truck
29 18 22035.0 12307.0 vehicle.car
29 19 21664.0 12649.0 vehicle.car
29 20 21489.0 12523.0 vehicle.car
29 21 22008.0 12306.0 vehicle.car
29 22 21719.0 12650.0 vehicle.car
29 24 21895.0 12732.0 human.pedestrian.adult
29 26 21637.0 12652.0 vehicle.car
29 28 21715.0 12255.0 vehicle.truck
29 29 22087.0 12630.0 vehicle.car
29 30 21692.0 12654.0 vehicle.car
29 31 21630.0 12516.0 vehicle.car
29 32 21577.0 12523.0 vehicle.car
29 33 21860.0 12554.0 vehicle.car
29 34 21772.0 12645.0 vehicle.car
29 36 21743.0 12256.0 vehicle.car
29 37 21846.0 12254.0 vehicle.truck
29 38 22509.0 12298.0 vehicle.car
29 39 21640.0 12264.0 vehicle.car
29 40 21613.0 12262.0 vehicle.car
29 41 21928.0 12504.0 human.pedestrian.adult
29 43 21975.0 12305.0 vehicle.car
29 44 22062.0 12306.0 vehicle.car
29 46 21822.0 12249.0 vehicle.car
29 47 21796.0 12261.0 vehicle.truck
29 48 21867.0 12206.0 vehicle.car
29 49 22214.0 12512.0 vehicle.car
29 51 22324.0 12636.0 vehicle.car
29 52 22233.0 12305.0 vehicle.car
29 53 21818.0 12128.0 vehicle.car
29 54 22398.0 12309.0 vehicle.car
29 55 21581.0 12264.0 vehicle.car
29 56 22217.0 12638.0 vehicle.car
29 57 22162.0 12634.0 vehicle.car
29 58 22245.0 12638.0 vehicle.car
29 59 22409.0 12635.0 vehicle.car
29 61 21499.0 12260.0 vehicle.car
29 62 22092.0 12303.0 vehicle.car
29 63 21556.0 12257.0 vehicle.truck
29 65 22119.0 12302.0 vehicle.car
29 66 22148.0 12305.0 vehicle.truck
29 67 22178.0 12310.0 vehicle.truck
29 68 22259.0 12307.0 vehicle.truck
29 69 21393.0 12270.0 vehicle.truck
29 70 21425.0 12266.0 vehicle.car
29 71 21476.0 12262.0 vehicle.car
29 72 22461.0 12503.0 vehicle.car
29 73 22562.0 12306.0 vehicle.car
29 74 22379.0 12636.0 vehicle.car
29 75 22351.0 12637.0 vehicle.car
30 0 21879.0 12454.0 vehicle.ego
30 1 21760.0 12171.0 vehicle.car
30 3 21666.0 12265.0 vehicle.car
30 5 21658.0 12130.0 vehicle.car
30 7 21769.0 12259.0 vehicle.car
30 8 21800.0 12643.0 vehicle.car
30 9 21410.0 12525.0 vehicle.car
30 10 21580.0 12648.0 vehicle.car
30 11 21768.0 12522.0 vehicle.car
30 12 21689.0 12521.0 vehicle.car
30 14 21689.0 12263.0 vehicle.car
30 15 21739.0 12523.0 vehicle.truck
30 16 21521.0 12524.0 vehicle.car
30 17 21657.0 12523.0 vehicle.truck
30 18 22034.0 12306.0 vehicle.car
30 19 21664.0 12649.0 vehicle.car
30 21 22007.0 12306.0 vehicle.car
30 22 21719.0 12650.0 vehicle.car
30 24 21892.0 12733.0 human.pedestrian.adult
30 26 21637.0 12652.0 vehicle.car
30 28 21715.0 12256.0 vehicle.truck
30 29 22087.0 12630.0 vehicle.car
30 30 21692.0 12654.0 vehicle.car
30 31 21630.0 12516.0 vehicle.car
30 32 21577.0 12523.0 vehicle.car
30 33 21862.0 12550.0 vehicle.car
30 34 21772.0 12645.0 vehicle.car
30 36 21743.0 12255.0 vehicle.car
30 37 21846.0 12254.0 vehicle.truck
30 38 22509.0 12298.0 vehicle.car
30 39 21640.0 12263.0 vehicle.car
30 40 21613.0 12262.0 vehicle.car
30 41 21929.0 12503.0 human.pedestrian.adult
30 43 21974.0 12304.0 vehicle.car
30 44 22062.0 12305.0 vehicle.car
30 46 21822.0 12249.0 vehicle.car
30 47 21796.0 12260.0 vehicle.truck
30 48 21867.0 12206.0 vehicle.car
30 49 22214.0 12510.0 vehicle.car
30 51 22324.0 12638.0 vehicle.car
30 52 22233.0 12303.0 vehicle.car
30 53 21818.0 12128.0 vehicle.car
30 54 22398.0 12308.0 vehicle.car
30 55 21581.0 12263.0 vehicle.car
30 56 22217.0 12638.0 vehicle.car
30 57 22162.0 12632.0 vehicle.car
30 58 22246.0 12638.0 vehicle.car
30 59 22409.0 12635.0 vehicle.car
30 61 21499.0 12260.0 vehicle.car
30 62 22092.0 12302.0 vehicle.car
30 63 21556.0 12257.0 vehicle.truck
30 65 22119.0 12300.0 vehicle.car
30 66 22148.0 12302.0 vehicle.truck
30 67 22178.0 12308.0 vehicle.truck
30 68 22259.0 12306.0 vehicle.truck
30 69 21393.0 12270.0 vehicle.truck
30 70 21425.0 12266.0 vehicle.car
30 71 21476.0 12261.0 vehicle.car
30 72 22461.0 12503.0 vehicle.car
30 73 22562.0 12305.0 vehicle.car
30 74 22379.0 12635.0 vehicle.car
30 75 22351.0 12636.0 vehicle.car
30 76 22375.0 12298.0 vehicle.truck
30 77 22270.0 12636.0 vehicle.car
31 0 21887.0 12441.0 vehicle.ego
31 1 21760.0 12171.0 vehicle.car
31 3 21666.0 12265.0 vehicle.car
31 5 21660.0 12130.0 vehicle.car
31 7 21770.0 12256.0 vehicle.car
31 8 21800.0 12641.0 vehicle.car
31 9 21410.0 12525.0 vehicle.car
31 10 21580.0 12648.0 vehicle.car
31 11 21769.0 12522.0 vehicle.car
31 12 21689.0 12521.0 vehicle.car
31 14 21690.0 12264.0 vehicle.car
31 15 21739.0 12523.0 vehicle.truck
31 16 21521.0 12524.0 vehicle.car
31 17 21657.0 12523.0 vehicle.truck
31 18 22035.0 12307.0 vehicle.car
31 19 21664.0 12649.0 vehicle.car
31 21 22008.0 12306.0 vehicle.car
31 22 21719.0 12649.0 vehicle.car
31 24 21889.0 12734.0 human.pedestrian.adult
31 26 21637.0 12652.0 vehicle.car
31 28 21716.0 12255.0 vehicle.truck
31 29 22087.0 12630.0 vehicle.car
31 30 21692.0 12654.0 vehicle.car
31 31 21630.0 12516.0 vehicle.car
31 33 21864.0 12543.0 vehicle.car
31 34 21772.0 12645.0 vehicle.car
31 36 21744.0 12254.0 vehicle.car
31 37 21846.0 12253.0 vehicle.truck
31 38 22509.0 12298.0 vehicle.car
31 39 21640.0 12262.0 vehicle.car
31 40 21613.0 12262.0 vehicle.car
31 41 21929.0 12503.0 human.pedestrian.adult
31 43 21975.0 12304.0 vehicle.car
31 44 22062.0 12305.0 vehicle.car
31 46 21821.0 12247.0 vehicle.car
31 47 21796.0 12260.0 vehicle.truck
31 48 21867.0 12205.0 vehicle.car
31 49 22217.0 12509.0 vehicle.car
31 51 22324.0 12636.0 vehicle.car
31 52 22233.0 12302.0 vehicle.car
31 53 21818.0 12128.0 vehicle.car
31 54 22398.0 12306.0 vehicle.car
31 55 21581.0 12264.0 vehicle.car
31 56 22217.0 12637.0 vehicle.car
31 57 22162.0 12632.0 vehicle.car
31 58 22247.0 12637.0 vehicle.car
31 59 22408.0 12635.0 vehicle.car
31 61 21499.0 12260.0 vehicle.car
31 62 22092.0 12300.0 vehicle.car
31 63 21556.0 12256.0 vehicle.truck
31 65 22119.0 12299.0 vehicle.car
31 66 22149.0 12301.0 vehicle.truck
31 67 22178.0 12307.0 vehicle.truck
31 68 22259.0 12306.0 vehicle.truck
31 69 21393.0 12270.0 vehicle.truck
31 70 21425.0 12266.0 vehicle.car
31 71 21476.0 12261.0 vehicle.car
31 72 22462.0 12501.0 vehicle.car
31 73 22562.0 12305.0 vehicle.car
31 74 22379.0 12634.0 vehicle.car
31 75 22351.0 12635.0 vehicle.car
31 76 22375.0 12295.0 vehicle.truck
31 77 22270.0 12636.0 vehicle.car
31 78 22534.0 12298.0 vehicle.car
31 79 22058.0 12663.0 vehicle.motorcycle
31 80 22545.0 12501.0 vehicle.car
32 0 21898.0 12430.0 vehicle.ego
32 1 21761.0 12171.0 vehicle.car
32 3 21666.0 12264.0 vehicle.car
32 5 21660.0 12128.0 vehicle.car
32 7 21771.0 12256.0 vehicle.car
32 8 21800.0 12643.0 vehicle.car
32 9 21410.0 12525.0 vehicle.car
32 10 21580.0 12648.0 vehicle.car
32 11 21769.0 12521.0 vehicle.car
32 12 21689.0 12521.0 vehicle.car
32 14 21689.0 12262.0 vehicle.car
32 15 21739.0 12523.0 vehicle.truck
32 16 21521.0 12524.0 vehicle.car
32 17 21657.0 12523.0 vehicle.truck
32 18 22035.0 12306.0 vehicle.car
32 19 21664.0 12649.0 vehicle.car
32 21 22008.0 12304.0 vehicle.car
32 22 21719.0 12649.0 vehicle.car
32 24 21886.0 12735.0 human.pedestrian.adult
32 26 21637.0 12652.0 vehicle.car
32 28 21717.0 12254.0 vehicle.truck
32 29 22087.0 12629.0 vehicle.car
32 30 21692.0 12654.0 vehicle.car
32 31 21630.0 12516.0 vehicle.car
32 33 21866.0 12533.0 vehicle.car
32 34 21772.0 12645.0 vehicle.car
32 36 21744.0 12254.0 vehicle.car
32 37 21847.0 12253.0 vehicle.truck
32 38 22509.0 12298.0 vehicle.car
32 39 21639.0 12262.0 vehicle.car
32 40 21613.0 12262.0 vehicle.car
32 41 21929.0 12503.0 human.pedestrian.adult
32 43 21975.0 12304.0 vehicle.car
32 44 22062.0 12304.0 vehicle.car
32 46 21822.0 12247.0 vehicle.car
32 47 21797.0 12259.0 vehicle.truck
32 48 21867.0 12205.0 vehicle.car
32 49 22214.0 12510.0 vehicle.car
32 51 22324.0 12636.0 vehicle.car
32 52 22234.0 12301.0 vehicle.car
32 53 21818.0 12128.0 vehicle.car
32 54 22398.0 12305.0 vehicle.car
32 55 21582.0 12264.0 vehicle.car
32 56 22218.0 12637.0 vehicle.car
32 57 22163.0 12632.0 vehicle.car
32 58 22247.0 12637.0 vehicle.car
32 59 22408.0 12636.0 vehicle.car
32 61 21499.0 12260.0 vehicle.car
32 62 22092.0 12299.0 vehicle.car
32 63 21556.0 12256.0 vehicle.truck
32 65 22119.0 12299.0 vehicle.car
32 66 22149.0 12301.0 vehicle.truck
32 67 22178.0 12306.0 vehicle.truck
32 68 22259.0 12305.0 vehicle.truck
32 69 21393.0 12270.0 vehicle.truck
32 70 21425.0 12266.0 vehicle.car
32 72 22462.0 12501.0 vehicle.car
32 73 22562.0 12304.0 vehicle.car
32 74 22379.0 12634.0 vehicle.car
32 75 22351.0 12634.0 vehicle.car
32 76 22375.0 12293.0 vehicle.truck
32 77 22270.0 12636.0 vehicle.car
32 78 22534.0 12298.0 vehicle.car
32 79 22058.0 12663.0 vehicle.motorcycle
32 80 22544.0 12501.0 vehicle.car
33 0 21911.0 12423.0 vehicle.ego
33 3 21666.0 12263.0 vehicle.car
33 5 21660.0 12128.0 vehicle.car
33 7 21771.0 12256.0 vehicle.car
33 8 21800.0 12643.0 vehicle.car
33 9 21410.0 12525.0 vehicle.car
33 10 21580.0 12648.0 vehicle.car
33 11 21769.0 12521.0 vehicle.car
33 12 21689.0 12521.0 vehicle.car
33 14 21690.0 12262.0 vehicle.car
33 15 21739.0 12523.0 vehicle.truck
33 16 21521.0 12524.0 vehicle.car
33 17 21657.0 12523.0 vehicle.truck
33 18 22035.0 12306.0 vehicle.car
33 19 21664.0 12649.0 vehicle.car
33 21 22008.0 12304.0 vehicle.car
33 22 21719.0 12649.0 vehicle.car
33 24 21880.0 12735.0 human.pedestrian.adult
33 26 21637.0 12652.0 vehicle.car
33 28 21716.0 12254.0 vehicle.truck
33 29 22087.0 12630.0 vehicle.car
33 30 21692.0 12654.0 vehicle.car
33 31 21630.0 12516.0 vehicle.car
33 33 21865.0 12521.0 vehicle.car
33 34 21772.0 12645.0 vehicle.car
33 36 21745.0 12253.0 vehicle.car
33 37 21847.0 12253.0 vehicle.truck
33 38 22509.0 12298.0 vehicle.car
33 39 21639.0 12261.0 vehicle.car
33 40 21613.0 12262.0 vehicle.car
33 41 21929.0 12503.0 human.pedestrian.adult
33 43 21976.0 12303.0 vehicle.car
33 44 22062.0 12305.0 vehicle.car
33 46 21822.0 12247.0 vehicle.car
33 47 21797.0 12257.0 vehicle.truck
33 48 21867.0 12205.0 vehicle.car
33 49 22214.0 12510.0 vehicle.car
33 51 22324.0 12638.0 vehicle.car
33 52 22236.0 12304.0 vehicle.car
33 53 21818.0 12128.0 vehicle.car
33 54 22399.0 12304.0 vehicle.car
33 55 21583.0 12263.0 vehicle.car
33 56 22217.0 12637.0 vehicle.car
33 57 22162.0 12632.0 vehicle.car
33 58 22246.0 12637.0 vehicle.car
33 61 21499.0 12260.0 vehicle.car
33 62 22093.0 12300.0 vehicle.car
33 63 21556.0 12255.0 vehicle.truck
33 65 22119.0 12300.0 vehicle.car
33 66 22150.0 12301.0 vehicle.truck
33 67 22178.0 12306.0 vehicle.truck
33 68 22259.0 12305.0 vehicle.truck
33 69 21393.0 12270.0 vehicle.truck
33 70 21425.0 12266.0 vehicle.car
33 72 22461.0 12501.0 vehicle.car
33 73 22561.0 12303.0 vehicle.car
33 74 22379.0 12634.0 vehicle.car
33 75 22351.0 12635.0 vehicle.car
33 76 22376.0 12294.0 vehicle.truck
33 77 22270.0 12636.0 vehicle.car
33 78 22534.0 12298.0 vehicle.car
33 79 22058.0 12663.0 vehicle.motorcycle
33 80 22544.0 12501.0 vehicle.car
33 81 22271.0 12510.0 vehicle.car
33 82 21865.0 12172.0 vehicle.car
34 0 21924.0 12418.0 vehicle.ego
34 3 21666.0 12263.0 vehicle.car
34 5 21659.0 12128.0 vehicle.car
34 7 21770.0 12255.0 vehicle.car
34 8 21800.0 12643.0 vehicle.car
34 9 21410.0 12525.0 vehicle.car
34 10 21580.0 12648.0 vehicle.car
34 11 21769.0 12521.0 vehicle.car
34 12 21689.0 12521.0 vehicle.car
34 14 21690.0 12261.0 vehicle.car
34 15 21739.0 12523.0 vehicle.truck
34 16 21521.0 12524.0 vehicle.car
34 17 21657.0 12523.0 vehicle.truck
34 18 22034.0 12306.0 vehicle.car
34 19 21664.0 12649.0 vehicle.car
34 21 22008.0 12305.0 vehicle.car
34 22 21719.0 12649.0 vehicle.car
34 24 21873.0 12735.0 human.pedestrian.adult
34 26 21637.0 12652.0 vehicle.car
34 28 21716.0 12254.0 vehicle.truck
34 29 22086.0 12629.0 vehicle.car
34 30 21692.0 12654.0 vehicle.car
34 31 21630.0 12516.0 vehicle.car
34 33 21864.0 12510.0 vehicle.car
34 34 21772.0 12645.0 vehicle.car
34 36 21744.0 12253.0 vehicle.car
34 37 21846.0 12253.0 vehicle.truck
34 38 22509.0 12298.0 vehicle.car
34 39 21639.0 12261.0 vehicle.car
34 40 21613.0 12262.0 vehicle.car
34 41 21928.0 12503.0 human.pedestrian.adult
34 43 21975.0 12304.0 vehicle.car
34 44 22062.0 12305.0 vehicle.car
34 46 21822.0 12247.0 vehicle.car
34 47 21797.0 12258.0 vehicle.truck
34 48 21867.0 12205.0 vehicle.car
34 49 22214.0 12510.0 vehicle.car
34 51 22324.0 12638.0 vehicle.car
34 52 22236.0 12304.0 vehicle.car
34 53 21818.0 12128.0 vehicle.car
34 54 22398.0 12304.0 vehicle.car
34 55 21582.0 12262.0 vehicle.car
34 56 22217.0 12637.0 vehicle.car
34 57 22162.0 12633.0 vehicle.car
34 58 22246.0 12637.0 vehicle.car
34 61 21499.0 12260.0 vehicle.car
34 62 22093.0 12301.0 vehicle.car
34 63 21556.0 12255.0 vehicle.truck
34 65 22118.0 12299.0 vehicle.car
34 66 22148.0 12302.0 vehicle.truck
34 67 22177.0 12307.0 vehicle.truck
34 68 22259.0 12305.0 vehicle.truck
34 69 21393.0 12270.0 vehicle.truck
34 70 21425.0 12267.0 vehicle.car
34 72 22461.0 12500.0 vehicle.car
34 73 22561.0 12302.0 vehicle.car
34 74 22379.0 12633.0 vehicle.car
34 75 22351.0 12635.0 vehicle.car
34 76 22375.0 12294.0 vehicle.truck
34 77 22270.0 12637.0 vehicle.car
34 78 22534.0 12299.0 vehicle.car
34 79 22058.0 12663.0 vehicle.motorcycle
34 80 22543.0 12501.0 vehicle.car
34 81 22272.0 12507.0 vehicle.car
34 82 21865.0 12172.0 vehicle.car
34 83 21248.0 12427.0 vehicle.car
35 0 21940.0 12415.0 vehicle.ego
35 3 21666.0 12263.0 vehicle.car
35 5 21659.0 12127.0 vehicle.car
35 7 21770.0 12255.0 vehicle.car
35 8 21800.0 12643.0 vehicle.car
35 9 21410.0 12525.0 vehicle.car
35 10 21580.0 12648.0 vehicle.car
35 11 21768.0 12521.0 vehicle.car
35 12 21689.0 12521.0 vehicle.car
35 14 21690.0 12262.0 vehicle.car
35 15 21739.0 12523.0 vehicle.truck
35 17 21657.0 12523.0 vehicle.truck
35 18 22034.0 12306.0 vehicle.car
35 21 22007.0 12306.0 vehicle.car
35 22 21719.0 12649.0 vehicle.car
35 24 21869.0 12736.0 human.pedestrian.adult
35 26 21637.0 12652.0 vehicle.car
35 28 21715.0 12254.0 vehicle.truck
35 29 22085.0 12630.0 vehicle.car
35 31 21630.0 12516.0 vehicle.car
35 33 21862.0 12499.0 vehicle.car
35 34 21772.0 12645.0 vehicle.car
35 36 21744.0 12253.0 vehicle.car
35 37 21846.0 12253.0 vehicle.truck
35 38 22509.0 12298.0 vehicle.car
35 39 21639.0 12261.0 vehicle.car
35 40 21613.0 12262.0 vehicle.car
35 41 21928.0 12503.0 human.pedestrian.adult
35 43 21974.0 12304.0 vehicle.car
35 44 22062.0 12305.0 vehicle.car
35 46 21822.0 12247.0 vehicle.car
35 47 21796.0 12258.0 vehicle.truck
35 48 21867.0 12205.0 vehicle.car
35 49 22213.0 12511.0 vehicle.car
35 51 22323.0 12638.0 vehicle.car
35 52 22234.0 12304.0 vehicle.car
35 53 21818.0 12128.0 vehicle.car
35 54 22397.0 12305.0 vehicle.car
35 55 21581.0 12262.0 vehicle.car
35 56 22216.0 12637.0 vehicle.car
35 57 22160.0 12633.0 vehicle.car
35 58 22245.0 12639.0 vehicle.car
35 62 22092.0 12301.0 vehicle.car
35 63 21556.0 12255.0 vehicle.truck
35 65 22118.0 12300.0 vehicle.car
35 66 22148.0 12303.0 vehicle.truck
35 67 22177.0 12307.0 vehicle.truck
35 68 22259.0 12305.0 vehicle.truck
35 69 21393.0 12270.0 vehicle.truck
35 70 21425.0 12267.0 vehicle.car
35 72 22460.0 12500.0 vehicle.car
35 73 22561.0 12301.0 vehicle.car
35 74 22379.0 12633.0 vehicle.car
35 75 22351.0 12635.0 vehicle.car
35 76 22374.0 12296.0 vehicle.truck
35 77 22270.0 12637.0 vehicle.car
35 78 22534.0 12299.0 vehicle.car
35 79 22058.0 12663.0 vehicle.motorcycle
35 80 22543.0 12501.0 vehicle.car
35 81 22270.0 12509.0 vehicle.car
35 82 21865.0 12172.0 vehicle.car
35 83 21279.0 12427.0 vehicle.car
35 84 22603.0 12498.0 vehicle.car
36 0 21961.0 12413.0 vehicle.ego
36 3 21666.0 12263.0 vehicle.car
36 5 21657.0 12127.0 vehicle.car
36 7 21770.0 12257.0 vehicle.car
36 8 21800.0 12643.0 vehicle.car
36 9 21410.0 12525.0 vehicle.car
36 10 21580.0 12648.0 vehicle.car
36 11 21768.0 12520.0 vehicle.car
36 12 21689.0 12521.0 vehicle.car
36 14 21689.0 12262.0 vehicle.car
36 15 21739.0 12523.0 vehicle.truck
36 17 21657.0 12523.0 vehicle.truck
36 18 22034.0 12306.0 vehicle.car
36 21 22007.0 12305.0 vehicle.car
36 22 21719.0 12649.0 vehicle.car
36 24 21864.0 12737.0 human.pedestrian.adult
36 26 21637.0 12652.0 vehicle.car
36 28 21715.0 12254.0 vehicle.truck
36 29 22085.0 12630.0 vehicle.car
36 31 21630.0 12516.0 vehicle.car
36 33 21861.0 12489.0 vehicle.car
36 34 21772.0 12645.0 vehicle.car
36 36 21744.0 12253.0 vehicle.car
36 37 21845.0 12253.0 vehicle.truck
36 38 22509.0 12298.0 vehicle.car
36 39 21639.0 12261.0 vehicle.car
36 43 21974.0 12304.0 vehicle.car
36 44 22062.0 12305.0 vehicle.car
36 46 21822.0 12246.0 vehicle.car
36 47 21796.0 12259.0 vehicle.truck
36 48 21867.0 12205.0 vehicle.car
36 49 22213.0 12511.0 vehicle.car
36 51 22322.0 12638.0 vehicle.car
36 52 22232.0 12304.0 vehicle.car
36 54 22397.0 12307.0 vehicle.car
36 55 21581.0 12262.0 vehicle.car
36 56 22214.0 12636.0 vehicle.car
36 57 22160.0 12633.0 vehicle.car
36 58 22244.0 12636.0 vehicle.car
36 62 22091.0 12301.0 vehicle.car
36 63 21556.0 12255.0 vehicle.truck
36 65 22118.0 12300.0 vehicle.car
36 66 22148.0 12304.0 vehicle.truck
36 67 22178.0 12308.0 vehicle.truck
36 68 22259.0 12305.0 vehicle.truck
36 69 21393.0 12270.0 vehicle.truck
36 70 21425.0 12267.0 vehicle.car
36 72 22460.0 12500.0 vehicle.car
36 73 22561.0 12301.0 vehicle.car
36 75 22351.0 12636.0 vehicle.car
36 76 22373.0 12295.0 vehicle.truck
36 77 22270.0 12636.0 vehicle.car
36 78 22534.0 12300.0 vehicle.car
36 79 22058.0 12663.0 vehicle.motorcycle
36 80 22543.0 12501.0 vehicle.car
36 81 22270.0 12509.0 vehicle.car
36 82 21865.0 12172.0 vehicle.car
36 83 21305.0 12428.0 vehicle.car
36 84 22601.0 12498.0 vehicle.car
36 85 22328.0 12511.0 vehicle.car
37 0 21986.0 12413.0 vehicle.ego
37 5 21656.0 12127.0 vehicle.car
37 7 21770.0 12255.0 vehicle.car
37 8 21800.0 12643.0 vehicle.car
37 9 21410.0 12525.0 vehicle.car
37 10 21580.0 12648.0 vehicle.car
37 11 21768.0 12521.0 vehicle.car
37 12 21689.0 12521.0 vehicle.car
37 14 21689.0 12262.0 vehicle.car
37 15 21739.0 12523.0 vehicle.truck
37 17 21657.0 12523.0 vehicle.truck
37 18 22034.0 12306.0 vehicle.car
37 21 22007.0 12306.0 vehicle.car
37 22 21719.0 12649.0 vehicle.car
37 24 21860.0 12739.0 human.pedestrian.adult
37 26 21637.0 12652.0 vehicle.car
37 28 21714.0 12254.0 vehicle.truck
37 29 22086.0 12629.0 vehicle.car
37 31 21630.0 12516.0 vehicle.car
37 33 21862.0 12479.0 vehicle.car
37 36 21743.0 12253.0 vehicle.car
37 37 21846.0 12253.0 vehicle.truck
37 38 22509.0 12298.0 vehicle.car
37 39 21639.0 12262.0 vehicle.car
37 43 21974.0 12304.0 vehicle.car
37 44 22062.0 12305.0 vehicle.car
37 46 21821.0 12246.0 vehicle.car
37 47 21796.0 12260.0 vehicle.truck
37 48 21867.0 12205.0 vehicle.car
37 49 22213.0 12510.0 vehicle.car
37 51 22322.0 12638.0 vehicle.car
37 52 22232.0 12304.0 vehicle.car
37 54 22397.0 12305.0 vehicle.car
37 55 21581.0 12265.0 vehicle.car
37 56 22216.0 12636.0 vehicle.car
37 57 22161.0 12633.0 vehicle.car
37 58 22244.0 12636.0 vehicle.car
37 62 22091.0 12301.0 vehicle.car
37 65 22117.0 12300.0 vehicle.car
37 66 22148.0 12303.0 vehicle.truck
37 67 22177.0 12307.0 vehicle.truck
37 68 22259.0 12305.0 vehicle.truck
37 69 21393.0 12270.0 vehicle.truck
37 70 21425.0 12267.0 vehicle.car
37 72 22460.0 12500.0 vehicle.car
37 73 22561.0 12300.0 vehicle.car
37 75 22351.0 12635.0 vehicle.car
37 76 22373.0 12295.0 vehicle.truck
37 77 22270.0 12636.0 vehicle.car
37 78 22534.0 12300.0 vehicle.car
37 79 22058.0 12663.0 vehicle.motorcycle
37 80 22543.0 12501.0 vehicle.car
37 81 22270.0 12509.0 vehicle.car
37 82 21865.0 12172.0 vehicle.car
37 83 21332.0 12428.0 vehicle.car
37 84 22603.0 12498.0 vehicle.car
37 85 22327.0 12511.0 vehicle.car
37 86 22206.0 12306.0 vehicle.car
38 0 22014.0 12413.0 vehicle.ego
38 7 21770.0 12256.0 vehicle.car
38 8 21800.0 12643.0 vehicle.car
38 9 21410.0 12525.0 vehicle.car
38 10 21580.0 12648.0 vehicle.car
38 11 21768.0 12521.0 vehicle.car
38 14 21688.0 12263.0 vehicle.car
38 15 21739.0 12523.0 vehicle.truck
38 17 21657.0 12523.0 vehicle.truck
38 18 22033.0 12306.0 vehicle.car
38 21 22007.0 12305.0 vehicle.car
38 24 21856.0 12739.0 human.pedestrian.adult
38 26 21637.0 12652.0 vehicle.car
38 28 21714.0 12253.0 vehicle.truck
38 29 22086.0 12629.0 vehicle.car
38 31 21630.0 12516.0 vehicle.car
38 33 21865.0 12468.0 vehicle.car
38 36 21744.0 12253.0 vehicle.car
38 37 21845.0 12253.0 vehicle.truck
38 38 22509.0 12298.0 vehicle.car
38 43 21974.0 12304.0 vehicle.car
38 44 22061.0 12305.0 vehicle.car
38 46 21821.0 12246.0 vehicle.car
38 47 21796.0 12259.0 vehicle.truck
38 48 21867.0 12206.0 vehicle.car
38 49 22213.0 12507.0 vehicle.car
38 51 22322.0 12636.0 vehicle.car
38 52 22231.0 12303.0 vehicle.car
38 54 22397.0 12304.0 vehicle.car
38 55 21581.0 12265.0 vehicle.car
38 56 22215.0 12635.0 vehicle.car
38 57 22161.0 12632.0 vehicle.car
38 58 22244.0 12635.0 vehicle.car
38 62 22091.0 12301.0 vehicle.car
38 65 22117.0 12300.0 vehicle.car
38 66 22147.0 12304.0 vehicle.truck
38 67 22177.0 12307.0 vehicle.truck
38 68 22259.0 12305.0 vehicle.truck
38 69 21393.0 12270.0 vehicle.truck
38 70 21425.0 12267.0 vehicle.car
38 72 22461.0 12499.0 vehicle.car
38 73 22561.0 12299.0 vehicle.car
38 76 22373.0 12294.0 vehicle.truck
38 77 22270.0 12635.0 vehicle.car
38 79 22058.0 12663.0 vehicle.motorcycle
38 80 22543.0 12501.0 vehicle.car
38 81 22270.0 12509.0 vehicle.car
38 84 22603.0 12498.0 vehicle.car
38 85 22327.0 12510.0 vehicle.car
38 86 22206.0 12306.0 vehicle.car
39 0 22039.0 12414.0 vehicle.ego
39 7 21770.0 12256.0 vehicle.car
39 8 21800.0 12643.0 vehicle.car
39 9 21410.0 12525.0 vehicle.car
39 10 21580.0 12648.0 vehicle.car
39 11 21768.0 12522.0 vehicle.car
39 14 21688.0 12264.0 vehicle.car
39 15 21739.0 12523.0 vehicle.truck
39 18 22033.0 12306.0 vehicle.car
39 21 22007.0 12304.0 vehicle.car
39 24 21855.0 12740.0 human.pedestrian.adult
39 26 21637.0 12652.0 vehicle.car
39 28 21714.0 12254.0 vehicle.truck
39 29 22086.0 12629.0 vehicle.car
39 33 21869.0 12457.0 vehicle.car
39 36 21744.0 12255.0 vehicle.car
39 37 21845.0 12254.0 vehicle.truck
39 43 21974.0 12304.0 vehicle.car
39 44 22061.0 12304.0 vehicle.car
39 46 21821.0 12246.0 vehicle.car
39 47 21796.0 12259.0 vehicle.truck
39 48 21867.0 12206.0 vehicle.car
39 49 22213.0 12508.0 vehicle.car
39 51 22323.0 12636.0 vehicle.car
39 52 22231.0 12303.0 vehicle.car
39 54 22396.0 12304.0 vehicle.car
39 56 22215.0 12636.0 vehicle.car
39 57 22161.0 12632.0 vehicle.car
39 58 22245.0 12636.0 vehicle.car
39 62 22091.0 12301.0 vehicle.car
39 65 22117.0 12300.0 vehicle.car
39 66 22147.0 12304.0 vehicle.truck
39 67 22177.0 12307.0 vehicle.truck
39 68 22259.0 12305.0 vehicle.truck
39 69 21393.0 12270.0 vehicle.truck
39 70 21425.0 12267.0 vehicle.car
39 72 22460.0 12499.0 vehicle.car
39 73 22561.0 12299.0 vehicle.car
39 76 22373.0 12294.0 vehicle.truck
39 77 22269.0 12635.0 vehicle.car
39 81 22269.0 12509.0 vehicle.car
39 84 22601.0 12498.0 vehicle.car
39 85 22327.0 12510.0 vehicle.car
39 86 22206.0 12306.0 vehicle.car
39 87 22426.0 12296.0 vehicle.truck
