0 0 15850.0 11824.0 vehicle.ego
0 1 15862.0 11697.0 vehicle.car
1 0 15861.0 11838.0 vehicle.ego
1 1 15850.0 11717.0 vehicle.car
2 0 15872.0 11852.0 vehicle.ego
2 1 15841.0 11733.0 vehicle.car
3 0 15885.0 11864.0 vehicle.ego
3 1 15834.0 11751.0 vehicle.car
4 0 15897.0 11875.0 vehicle.ego
4 1 15830.0 11767.0 vehicle.car
5 0 15909.0 11884.0 vehicle.ego
5 1 15829.0 11782.0 vehicle.car
6 0 15921.0 11893.0 vehicle.ego
6 1 15829.0 11798.0 vehicle.car
7 0 15932.0 11901.0 vehicle.ego
7 1 15831.0 11814.0 vehicle.car
8 0 15944.0 11909.0 vehicle.ego
8 1 15836.0 11830.0 vehicle.car
9 0 15954.0 11917.0 vehicle.ego
9 1 15841.0 11842.0 vehicle.car
10 0 15968.0 11927.0 vehicle.ego
10 1 15847.0 11853.0 vehicle.car
11 0 15984.0 11939.0 vehicle.ego
11 1 15855.0 11863.0 vehicle.car
12 0 16002.0 11952.0 vehicle.ego
12 1 15866.0 11871.0 vehicle.car
13 0 16019.0 11965.0 vehicle.ego
13 1 15877.0 11878.0 vehicle.car
14 0 16041.0 11982.0 vehicle.ego
14 1 15889.0 11882.0 vehicle.car
15 0 16062.0 11998.0 vehicle.ego
15 1 15902.0 11888.0 vehicle.car
16 0 16083.0 12014.0 vehicle.ego
16 1 15913.0 11896.0 vehicle.car
17 0 16105.0 12031.0 vehicle.ego
17 1 15927.0 11904.0 vehicle.car
18 0 16127.0 12047.0 vehicle.ego
18 1 15940.0 11913.0 vehicle.car
19 0 16148.0 12063.0 vehicle.ego
19 1 15956.0 11924.0 vehicle.car
20 0 16169.0 12078.0 vehicle.ego
20 1 15975.0 11937.0 vehicle.car
21 0 16189.0 12093.0 vehicle.ego
21 1 15993.0 11950.0 vehicle.car
22 0 16210.0 12108.0 vehicle.ego
22 1 16012.0 11965.0 vehicle.car
23 0 16228.0 12121.0 vehicle.ego
23 1 16031.0 11980.0 vehicle.car
24 0 16248.0 12135.0 vehicle.ego
24 1 16051.0 11993.0 vehicle.car
25 0 16267.0 12149.0 vehicle.ego
25 1 16070.0 12008.0 vehicle.car
26 0 16287.0 12163.0 vehicle.ego
26 1 16089.0 12022.0 vehicle.car
27 0 16306.0 12177.0 vehicle.ego
27 1 16108.0 12036.0 vehicle.car
28 0 16324.0 12189.0 vehicle.ego
28 1 16128.0 12050.0 vehicle.car
29 0 16340.0 12200.0 vehicle.ego
29 1 16148.0 12065.0 vehicle.car
30 0 16354.0 12211.0 vehicle.ego
30 1 16167.0 12078.0 vehicle.car
31 0 16365.0 12218.0 vehicle.ego
31 1 16186.0 12092.0 vehicle.car
32 0 16373.0 12224.0 vehicle.ego
32 1 16205.0 12106.0 vehicle.car
33 0 16380.0 12228.0 vehicle.ego
33 1 16224.0 12119.0 vehicle.car
34 0 16384.0 12231.0 vehicle.ego
34 1 16242.0 12133.0 vehicle.car
35 0 16388.0 12234.0 vehicle.ego
35 1 16259.0 12145.0 vehicle.car
36 0 16392.0 12236.0 vehicle.ego
36 1 16275.0 12156.0 vehicle.car
37 0 16396.0 12239.0 vehicle.ego
37 1 16292.0 12168.0 vehicle.car
38 0 16401.0 12242.0 vehicle.ego
38 1 16305.0 12178.0 vehicle.car
39 0 16409.0 12246.0 vehicle.ego
39 1 16318.0 12187.0 vehicle.car
