0 0 22079.0 12415.0 vehicle.ego
0 1 22271.0 12507.0 vehicle.car
0 2 22201.0 12305.0 vehicle.car
0 3 21973.0 12304.0 vehicle.car
0 4 22057.0 12668.0 vehicle.motorcycle
0 5 22034.0 12309.0 vehicle.car
0 6 21715.0 12263.0 vehicle.car
0 7 22086.0 12625.0 vehicle.car
0 8 22230.0 12301.0 vehicle.car
0 9 22289.0 12297.0 vehicle.car
0 10 21686.0 12263.0 vehicle.car
0 11 22116.0 12299.0 vehicle.car
0 12 22244.0 12637.0 vehicle.car
0 13 22454.0 12302.0 vehicle.truck
0 14 22314.0 12294.0 vehicle.car
0 15 22006.0 12303.0 vehicle.car
0 16 22326.0 12510.0 vehicle.car
0 17 22427.0 12297.0 vehicle.truck
0 18 22216.0 12638.0 vehicle.car
0 19 22324.0 12636.0 vehicle.car
0 20 21844.0 12250.0 vehicle.truck
0 21 22460.0 12499.0 vehicle.car
0 22 22541.0 12498.0 vehicle.car
0 23 22371.0 12298.0 vehicle.truck
0 24 21880.0 12440.0 vehicle.car
0 25 22175.0 12307.0 vehicle.truck
0 26 22397.0 12306.0 vehicle.car
0 27 22145.0 12310.0 vehicle.truck
0 28 22212.0 12508.0 vehicle.car
0 29 22061.0 12301.0 vehicle.car
0 30 22089.0 12301.0 vehicle.car
0 31 21749.0 12267.0 vehicle.car
0 32 22270.0 12640.0 vehicle.car
0 33 22159.0 12630.0 vehicle.car
0 34 22257.0 12307.0 vehicle.truck
1 0 22108.0 12415.0 vehicle.ego
1 1 22271.0 12507.0 vehicle.car
1 2 22202.0 12305.0 vehicle.car
1 3 21973.0 12304.0 vehicle.car
1 4 22057.0 12667.0 vehicle.motorcycle
1 5 22034.0 12309.0 vehicle.car
1 6 21715.0 12263.0 vehicle.car
1 7 22086.0 12625.0 vehicle.car
1 8 22230.0 12301.0 vehicle.car
1 9 22289.0 12297.0 vehicle.car
1 10 21686.0 12263.0 vehicle.car
1 11 22116.0 12299.0 vehicle.car
1 12 22245.0 12638.0 vehicle.car
1 13 22454.0 12302.0 vehicle.truck
1 14 22314.0 12294.0 vehicle.car
1 15 22006.0 12303.0 vehicle.car
1 16 22326.0 12510.0 vehicle.car
1 17 22427.0 12297.0 vehicle.truck
1 18 22216.0 12638.0 vehicle.car
1 19 22324.0 12636.0 vehicle.car
1 20 21844.0 12251.0 vehicle.truck
1 21 22460.0 12499.0 vehicle.car
1 22 22541.0 12498.0 vehicle.car
1 23 22371.0 12298.0 vehicle.truck
1 24 21890.0 12431.0 vehicle.car
1 25 22175.0 12306.0 vehicle.truck
1 26 22396.0 12306.0 vehicle.car
1 27 22146.0 12310.0 vehicle.truck
1 28 22213.0 12508.0 vehicle.car
1 29 22061.0 12301.0 vehicle.car
1 30 22090.0 12301.0 vehicle.car
1 31 21749.0 12267.0 vehicle.car
1 32 22272.0 12638.0 vehicle.car
1 33 22159.0 12630.0 vehicle.car
1 34 22257.0 12307.0 vehicle.truck
1 35 22379.0 12633.0 vehicle.car
1 36 22602.0 12498.0 vehicle.car
1 37 22509.0 12294.0 vehicle.car
1 38 22488.0 12499.0 vehicle.car
2 0 22147.0 12415.0 vehicle.ego
2 1 22271.0 12507.0 vehicle.car
2 2 22202.0 12305.0 vehicle.car
2 3 21974.0 12304.0 vehicle.car
2 5 22034.0 12309.0 vehicle.car
2 6 21715.0 12263.0 vehicle.car
2 7 22086.0 12625.0 vehicle.car
2 8 22230.0 12301.0 vehicle.car
2 9 22289.0 12297.0 vehicle.car
2 10 21686.0 12263.0 vehicle.car
2 11 22116.0 12299.0 vehicle.car
2 12 22246.0 12638.0 vehicle.car
2 13 22454.0 12302.0 vehicle.truck
2 14 22314.0 12294.0 vehicle.car
2 15 22006.0 12302.0 vehicle.car
2 16 22326.0 12510.0 vehicle.car
2 17 22427.0 12297.0 vehicle.truck
2 18 22216.0 12638.0 vehicle.car
2 19 22324.0 12636.0 vehicle.car
2 20 21844.0 12251.0 vehicle.truck
2 21 22460.0 12499.0 vehicle.car
2 22 22541.0 12498.0 vehicle.car
2 23 22371.0 12298.0 vehicle.truck
2 24 21909.0 12422.0 vehicle.car
2 25 22175.0 12306.0 vehicle.truck
2 26 22397.0 12305.0 vehicle.car
2 27 22148.0 12310.0 vehicle.truck
2 28 22214.0 12508.0 vehicle.car
2 29 22061.0 12301.0 vehicle.car
2 30 22090.0 12301.0 vehicle.car
2 31 21749.0 12267.0 vehicle.car
2 32 22272.0 12638.0 vehicle.car
2 33 22160.0 12630.0 vehicle.car
2 34 22257.0 12307.0 vehicle.truck
2 35 22379.0 12633.0 vehicle.car
2 36 22602.0 12498.0 vehicle.car
2 37 22509.0 12294.0 vehicle.car
2 38 22488.0 12500.0 vehicle.car
2 39 22770.0 12285.0 vehicle.car
2 40 22569.0 12625.0 vehicle.car
2 41 22576.0 12496.0 vehicle.car
2 42 22352.0 12636.0 vehicle.car
3 0 22187.0 12413.0 vehicle.ego
3 1 22271.0 12507.0 vehicle.car
3 2 22202.0 12305.0 vehicle.car
3 3 21974.0 12304.0 vehicle.car
3 5 22034.0 12309.0 vehicle.car
3 6 21715.0 12263.0 vehicle.car
3 7 22086.0 12625.0 vehicle.car
3 8 22230.0 12302.0 vehicle.car
3 9 22289.0 12297.0 vehicle.car
3 10 21686.0 12263.0 vehicle.car
3 11 22116.0 12299.0 vehicle.car
3 12 22247.0 12638.0 vehicle.car
3 13 22454.0 12302.0 vehicle.truck
3 14 22314.0 12294.0 vehicle.car
3 15 22006.0 12302.0 vehicle.car
3 16 22326.0 12510.0 vehicle.car
3 17 22427.0 12297.0 vehicle.truck
3 18 22216.0 12638.0 vehicle.car
3 19 22324.0 12636.0 vehicle.car
3 20 21844.0 12252.0 vehicle.truck
3 21 22460.0 12499.0 vehicle.car
3 22 22541.0 12498.0 vehicle.car
3 23 22371.0 12298.0 vehicle.truck
3 24 21929.0 12415.0 vehicle.car
3 25 22175.0 12306.0 vehicle.truck
3 26 22397.0 12306.0 vehicle.car
3 27 22148.0 12310.0 vehicle.truck
3 28 22214.0 12508.0 vehicle.car
3 29 22061.0 12301.0 vehicle.car
3 30 22091.0 12301.0 vehicle.car
3 31 21750.0 12267.0 vehicle.car
3 32 22272.0 12638.0 vehicle.car
3 33 22160.0 12631.0 vehicle.car
3 34 22258.0 12307.0 vehicle.truck
3 35 22379.0 12633.0 vehicle.car
3 36 22602.0 12498.0 vehicle.car
3 37 22509.0 12294.0 vehicle.car
3 38 22488.0 12500.0 vehicle.car
3 39 22770.0 12285.0 vehicle.car
3 40 22569.0 12625.0 vehicle.car
3 41 22576.0 12496.0 vehicle.car
3 42 22352.0 12636.0 vehicle.car
3 43 22514.0 12499.0 vehicle.car
3 44 22410.0 12633.0 vehicle.car
3 45 22518.0 12634.0 vehicle.car
3 46 22614.0 12292.0 vehicle.car
4 0 22228.0 12412.0 vehicle.ego
4 1 22272.0 12507.0 vehicle.car
4 2 22203.0 12304.0 vehicle.car
4 3 21974.0 12304.0 vehicle.car
4 5 22034.0 12309.0 vehicle.car
4 7 22087.0 12625.0 vehicle.car
4 8 22230.0 12302.0 vehicle.car
4 9 22289.0 12297.0 vehicle.car
4 10 21686.0 12263.0 vehicle.car
4 11 22116.0 12299.0 vehicle.car
4 12 22248.0 12638.0 vehicle.car
4 13 22454.0 12302.0 vehicle.truck
4 14 22315.0 12294.0 vehicle.car
4 15 22006.0 12302.0 vehicle.car
4 16 22326.0 12511.0 vehicle.car
4 17 22427.0 12297.0 vehicle.truck
4 18 22216.0 12638.0 vehicle.car
4 19 22324.0 12637.0 vehicle.car
4 20 21844.0 12253.0 vehicle.truck
4 21 22460.0 12499.0 vehicle.car
4 22 22541.0 12498.0 vehicle.car
4 23 22371.0 12298.0 vehicle.truck
4 24 21956.0 12412.0 vehicle.car
4 25 22175.0 12306.0 vehicle.truck
4 26 22397.0 12306.0 vehicle.car
4 27 22147.0 12310.0 vehicle.truck
4 28 22215.0 12508.0 vehicle.car
4 29 22062.0 12301.0 vehicle.car
4 30 22091.0 12301.0 vehicle.car
4 31 21750.0 12267.0 vehicle.car
4 32 22273.0 12638.0 vehicle.car
4 33 22161.0 12631.0 vehicle.car
4 34 22258.0 12307.0 vehicle.truck
4 35 22379.0 12633.0 vehicle.car
4 36 22602.0 12498.0 vehicle.car
4 37 22509.0 12294.0 vehicle.car
4 38 22488.0 12501.0 vehicle.car
4 39 22770.0 12285.0 vehicle.car
4 40 22569.0 12625.0 vehicle.car
4 41 22576.0 12496.0 vehicle.car
4 42 22352.0 12637.0 vehicle.car
4 43 22514.0 12499.0 vehicle.car
4 44 22409.0 12634.0 vehicle.car
4 45 22518.0 12634.0 vehicle.car
4 46 22614.0 12292.0 vehicle.car
4 47 22532.0 12298.0 vehicle.car
4 48 22560.0 12299.0 vehicle.car
5 0 22268.0 12411.0 vehicle.ego
5 1 22272.0 12507.0 vehicle.car
5 2 22203.0 12304.0 vehicle.car
5 3 21974.0 12304.0 vehicle.car
5 5 22034.0 12309.0 vehicle.car
5 7 22087.0 12625.0 vehicle.car
5 8 22230.0 12301.0 vehicle.car
5 9 22289.0 12297.0 vehicle.car
5 11 22116.0 12299.0 vehicle.car
5 12 22248.0 12638.0 vehicle.car
5 13 22454.0 12302.0 vehicle.truck
5 14 22315.0 12294.0 vehicle.car
5 15 22006.0 12303.0 vehicle.car
5 16 22326.0 12511.0 vehicle.car
5 17 22427.0 12297.0 vehicle.truck
5 18 22216.0 12638.0 vehicle.car
5 19 22324.0 12636.0 vehicle.car
5 20 21844.0 12254.0 vehicle.truck
5 21 22460.0 12499.0 vehicle.car
5 22 22541.0 12498.0 vehicle.car
5 23 22371.0 12298.0 vehicle.truck
5 24 21988.0 12410.0 vehicle.car
5 25 22176.0 12314.0 vehicle.truck
5 26 22397.0 12306.0 vehicle.car
5 27 22147.0 12310.0 vehicle.truck
5 28 22216.0 12508.0 vehicle.car
5 29 22062.0 12301.0 vehicle.car
5 30 22091.0 12301.0 vehicle.car
5 32 22273.0 12638.0 vehicle.car
5 33 22161.0 12632.0 vehicle.car
5 34 22259.0 12307.0 vehicle.truck
5 35 22380.0 12633.0 vehicle.car
5 36 22602.0 12498.0 vehicle.car
5 37 22509.0 12294.0 vehicle.car
5 38 22488.0 12501.0 vehicle.car
5 39 22770.0 12286.0 vehicle.car
5 40 22569.0 12625.0 vehicle.car
5 41 22576.0 12496.0 vehicle.car
5 42 22352.0 12638.0 vehicle.car
5 43 22514.0 12499.0 vehicle.car
5 44 22409.0 12635.0 vehicle.car
5 45 22518.0 12634.0 vehicle.car
5 46 22614.0 12292.0 vehicle.car
5 47 22532.0 12298.0 vehicle.car
5 48 22560.0 12299.0 vehicle.car
5 49 22715.0 12294.0 vehicle.car
6 0 22309.0 12410.0 vehicle.ego
6 1 22272.0 12508.0 vehicle.car
6 2 22203.0 12304.0 vehicle.car
6 3 21974.0 12305.0 vehicle.car
6 5 22034.0 12309.0 vehicle.car
6 7 22087.0 12625.0 vehicle.car
6 8 22230.0 12302.0 vehicle.car
6 9 22289.0 12297.0 vehicle.car
6 11 22116.0 12299.0 vehicle.car
6 12 22248.0 12638.0 vehicle.car
6 13 22454.0 12302.0 vehicle.truck
6 14 22315.0 12294.0 vehicle.car
6 15 22006.0 12303.0 vehicle.car
6 16 22326.0 12511.0 vehicle.car
6 17 22427.0 12297.0 vehicle.truck
6 18 22216.0 12638.0 vehicle.car
6 19 22324.0 12636.0 vehicle.car
6 20 21844.0 12254.0 vehicle.truck
6 21 22460.0 12499.0 vehicle.car
6 22 22541.0 12498.0 vehicle.car
6 23 22371.0 12298.0 vehicle.truck
6 24 22027.0 12407.0 vehicle.car
6 25 22177.0 12310.0 vehicle.truck
6 26 22398.0 12306.0 vehicle.car
6 27 22147.0 12310.0 vehicle.truck
6 28 22216.0 12508.0 vehicle.car
6 29 22062.0 12301.0 vehicle.car
6 30 22091.0 12301.0 vehicle.car
6 32 22273.0 12638.0 vehicle.car
6 33 22162.0 12632.0 vehicle.car
6 34 22259.0 12307.0 vehicle.truck
6 35 22381.0 12633.0 vehicle.car
6 36 22602.0 12499.0 vehicle.car
6 37 22509.0 12294.0 vehicle.car
6 38 22488.0 12501.0 vehicle.car
6 39 22770.0 12286.0 vehicle.car
6 40 22569.0 12625.0 vehicle.car
6 41 22576.0 12496.0 vehicle.car
6 42 22353.0 12636.0 vehicle.car
6 43 22514.0 12499.0 vehicle.car
6 44 22409.0 12635.0 vehicle.car
6 45 22518.0 12634.0 vehicle.car
6 46 22614.0 12292.0 vehicle.car
6 47 22533.0 12298.0 vehicle.car
6 48 22560.0 12299.0 vehicle.car
6 49 22715.0 12294.0 vehicle.car
6 50 23334.0 12422.0 vehicle.truck
6 51 22482.0 12292.0 vehicle.car
7 0 22347.0 12410.0 vehicle.ego
7 1 22272.0 12508.0 vehicle.car
7 2 22203.0 12304.0 vehicle.car
7 5 22034.0 12309.0 vehicle.car
7 7 22088.0 12625.0 vehicle.car
7 8 22230.0 12302.0 vehicle.car
7 9 22289.0 12297.0 vehicle.car
7 11 22116.0 12299.0 vehicle.car
7 12 22248.0 12638.0 vehicle.car
7 13 22454.0 12302.0 vehicle.truck
7 14 22315.0 12294.0 vehicle.car
7 15 22006.0 12303.0 vehicle.car
7 16 22326.0 12511.0 vehicle.car
7 17 22427.0 12297.0 vehicle.truck
7 18 22216.0 12638.0 vehicle.car
7 19 22324.0 12636.0 vehicle.car
7 21 22460.0 12499.0 vehicle.car
7 22 22541.0 12498.0 vehicle.car
7 23 22371.0 12298.0 vehicle.truck
7 24 22068.0 12407.0 vehicle.car
7 25 22177.0 12307.0 vehicle.truck
7 26 22398.0 12306.0 vehicle.car
7 27 22147.0 12310.0 vehicle.truck
7 28 22216.0 12508.0 vehicle.car
7 29 22062.0 12301.0 vehicle.car
7 30 22091.0 12301.0 vehicle.car
7 32 22273.0 12638.0 vehicle.car
7 33 22160.0 12632.0 vehicle.car
7 34 22259.0 12309.0 vehicle.truck
7 35 22382.0 12632.0 vehicle.car
7 36 22602.0 12499.0 vehicle.car
7 37 22509.0 12294.0 vehicle.car
7 38 22488.0 12501.0 vehicle.car
7 39 22770.0 12286.0 vehicle.car
7 40 22570.0 12626.0 vehicle.car
7 41 22576.0 12496.0 vehicle.car
7 42 22354.0 12635.0 vehicle.car
7 43 22515.0 12499.0 vehicle.car
7 44 22408.0 12635.0 vehicle.car
7 45 22519.0 12633.0 vehicle.car
7 46 22614.0 12292.0 vehicle.car
7 47 22533.0 12298.0 vehicle.car
7 48 22561.0 12299.0 vehicle.car
7 49 22715.0 12294.0 vehicle.car
7 50 23334.0 12424.0 vehicle.truck
7 51 22482.0 12293.0 vehicle.car
7 52 22587.0 12289.0 vehicle.car
7 53 22690.0 12289.0 vehicle.car
7 54 22757.0 12455.0 human.pedestrian.adult
8 0 22384.0 12409.0 vehicle.ego
8 1 22272.0 12509.0 vehicle.car
8 2 22203.0 12304.0 vehicle.car
8 5 22034.0 12309.0 vehicle.car
8 7 22088.0 12625.0 vehicle.car
8 8 22230.0 12302.0 vehicle.car
8 9 22289.0 12297.0 vehicle.car
8 11 22116.0 12299.0 vehicle.car
8 12 22248.0 12638.0 vehicle.car
8 13 22454.0 12302.0 vehicle.truck
8 14 22315.0 12294.0 vehicle.car
8 15 22006.0 12303.0 vehicle.car
8 16 22327.0 12511.0 vehicle.car
8 17 22427.0 12297.0 vehicle.truck
8 18 22216.0 12638.0 vehicle.car
8 19 22324.0 12636.0 vehicle.car
8 21 22460.0 12499.0 vehicle.car
8 22 22542.0 12498.0 vehicle.car
8 23 22371.0 12298.0 vehicle.truck
8 24 22115.0 12407.0 vehicle.car
8 25 22177.0 12307.0 vehicle.truck
8 26 22398.0 12306.0 vehicle.car
8 27 22147.0 12310.0 vehicle.truck
8 28 22217.0 12508.0 vehicle.car
8 29 22062.0 12301.0 vehicle.car
8 32 22273.0 12638.0 vehicle.car
8 33 22162.0 12633.0 vehicle.car
8 34 22259.0 12312.0 vehicle.truck
8 35 22381.0 12633.0 vehicle.car
8 36 22602.0 12499.0 vehicle.car
8 37 22509.0 12294.0 vehicle.car
8 38 22488.0 12501.0 vehicle.car
8 39 22770.0 12286.0 vehicle.car
8 40 22570.0 12626.0 vehicle.car
8 41 22576.0 12496.0 vehicle.car
8 42 22353.0 12636.0 vehicle.car
8 43 22515.0 12499.0 vehicle.car
8 44 22409.0 12635.0 vehicle.car
8 45 22519.0 12633.0 vehicle.car
8 46 22614.0 12292.0 vehicle.car
8 47 22533.0 12298.0 vehicle.car
8 48 22561.0 12298.0 vehicle.car
8 49 22715.0 12294.0 vehicle.car
8 50 23331.0 12423.0 vehicle.truck
8 51 22482.0 12291.0 vehicle.car
8 52 22587.0 12289.0 vehicle.car
8 53 22690.0 12288.0 vehicle.car
8 54 22764.0 12456.0 human.pedestrian.adult
9 0 22419.0 12408.0 vehicle.ego
9 1 22273.0 12509.0 vehicle.car
9 2 22203.0 12304.0 vehicle.car
9 5 22034.0 12309.0 vehicle.car
9 7 22088.0 12625.0 vehicle.car
9 8 22230.0 12302.0 vehicle.car
9 9 22289.0 12297.0 vehicle.car
9 11 22116.0 12299.0 vehicle.car
9 12 22248.0 12638.0 vehicle.car
9 13 22453.0 12302.0 vehicle.truck
9 14 22316.0 12294.0 vehicle.car
9 16 22327.0 12511.0 vehicle.car
9 17 22427.0 12298.0 vehicle.truck
9 18 22216.0 12638.0 vehicle.car
9 19 22324.0 12636.0 vehicle.car
9 21 22460.0 12499.0 vehicle.car
9 22 22542.0 12498.0 vehicle.car
9 23 22371.0 12298.0 vehicle.truck
9 24 22161.0 12408.0 vehicle.car
9 25 22178.0 12308.0 vehicle.truck
9 26 22399.0 12306.0 vehicle.car
9 27 22147.0 12310.0 vehicle.truck
9 28 22217.0 12508.0 vehicle.car
9 29 22062.0 12301.0 vehicle.car
9 32 22273.0 12638.0 vehicle.car
9 33 22163.0 12634.0 vehicle.car
9 34 22258.0 12308.0 vehicle.truck
9 35 22381.0 12633.0 vehicle.car
9 36 22602.0 12499.0 vehicle.car
9 37 22509.0 12294.0 vehicle.car
9 38 22488.0 12501.0 vehicle.car
9 39 22771.0 12286.0 vehicle.car
9 40 22571.0 12626.0 vehicle.car
9 41 22576.0 12496.0 vehicle.car
9 42 22354.0 12637.0 vehicle.car
9 43 22515.0 12499.0 vehicle.car
9 44 22409.0 12635.0 vehicle.car
9 45 22520.0 12633.0 vehicle.car
9 46 22614.0 12292.0 vehicle.car
9 47 22533.0 12298.0 vehicle.car
9 48 22561.0 12298.0 vehicle.car
9 49 22715.0 12294.0 vehicle.car
9 50 23335.0 12427.0 vehicle.truck
9 51 22483.0 12294.0 vehicle.car
9 52 22587.0 12289.0 vehicle.car
9 53 22690.0 12289.0 vehicle.car
9 54 22772.0 12458.0 human.pedestrian.adult
9 55 23417.0 12278.0 vehicle.car
9 56 22794.0 12288.0 vehicle.car
9 57 23018.0 12285.0 vehicle.car
10 0 22452.0 12408.0 vehicle.ego
10 1 22273.0 12509.0 vehicle.car
10 2 22203.0 12304.0 vehicle.car
10 5 22034.0 12310.0 vehicle.car
10 7 22089.0 12625.0 vehicle.car
10 9 22289.0 12297.0 vehicle.car
10 11 22116.0 12299.0 vehicle.car
10 12 22248.0 12638.0 vehicle.car
10 13 22456.0 12303.0 vehicle.truck
10 14 22316.0 12294.0 vehicle.car
10 16 22327.0 12511.0 vehicle.car
10 17 22427.0 12297.0 vehicle.truck
10 18 22216.0 12638.0 vehicle.car
10 19 22324.0 12636.0 vehicle.car
10 21 22460.0 12499.0 vehicle.car
10 22 22542.0 12498.0 vehicle.car
10 23 22372.0 12298.0 vehicle.truck
10 24 22207.0 12408.0 vehicle.car
10 25 22178.0 12308.0 vehicle.truck
10 26 22399.0 12306.0 vehicle.car
10 27 22146.0 12311.0 vehicle.truck
10 28 22218.0 12508.0 vehicle.car
10 29 22062.0 12301.0 vehicle.car
10 32 22273.0 12638.0 vehicle.car
10 33 22162.0 12638.0 vehicle.car
10 34 22258.0 12308.0 vehicle.truck
10 35 22381.0 12634.0 vehicle.car
10 36 22602.0 12499.0 vehicle.car
10 37 22509.0 12294.0 vehicle.car
10 38 22488.0 12501.0 vehicle.car
10 39 22771.0 12286.0 vehicle.car
10 40 22572.0 12626.0 vehicle.car
10 41 22576.0 12496.0 vehicle.car
10 42 22354.0 12638.0 vehicle.car
10 43 22515.0 12499.0 vehicle.car
10 44 22409.0 12635.0 vehicle.car
10 45 22520.0 12633.0 vehicle.car
10 46 22614.0 12292.0 vehicle.car
10 47 22533.0 12298.0 vehicle.car
10 48 22561.0 12299.0 vehicle.car
10 49 22715.0 12294.0 vehicle.car
10 50 23335.0 12423.0 vehicle.truck
10 51 22483.0 12291.0 vehicle.car
10 52 22587.0 12289.0 vehicle.car
10 53 22690.0 12290.0 vehicle.car
10 54 22779.0 12459.0 human.pedestrian.adult
10 55 23417.0 12277.0 vehicle.car
10 56 22794.0 12288.0 vehicle.car
10 57 23018.0 12285.0 vehicle.car
11 0 22484.0 12407.0 vehicle.ego
11 1 22273.0 12508.0 vehicle.car
11 2 22204.0 12304.0 vehicle.car
11 5 22034.0 12310.0 vehicle.car
11 7 22089.0 12625.0 vehicle.car
11 9 22289.0 12297.0 vehicle.car
11 12 22248.0 12638.0 vehicle.car
11 13 22454.0 12302.0 vehicle.truck
11 14 22316.0 12294.0 vehicle.car
11 16 22327.0 12511.0 vehicle.car
11 17 22427.0 12298.0 vehicle.truck
11 18 22216.0 12638.0 vehicle.car
11 19 22324.0 12636.0 vehicle.car
11 21 22460.0 12499.0 vehicle.car
11 22 22543.0 12498.0 vehicle.car
11 23 22372.0 12298.0 vehicle.truck
11 24 22251.0 12408.0 vehicle.car
11 25 22179.0 12308.0 vehicle.truck
11 26 22399.0 12306.0 vehicle.car
11 27 22146.0 12312.0 vehicle.truck
11 28 22218.0 12508.0 vehicle.car
11 32 22273.0 12638.0 vehicle.car
11 33 22162.0 12639.0 vehicle.car
11 34 22258.0 12308.0 vehicle.truck
11 35 22382.0 12635.0 vehicle.car
11 36 22602.0 12499.0 vehicle.car
11 37 22509.0 12294.0 vehicle.car
11 38 22488.0 12501.0 vehicle.car
11 39 22771.0 12286.0 vehicle.car
11 40 22572.0 12626.0 vehicle.car
11 41 22576.0 12496.0 vehicle.car
11 42 22355.0 12638.0 vehicle.car
11 43 22515.0 12499.0 vehicle.car
11 44 22409.0 12635.0 vehicle.car
11 45 22519.0 12632.0 vehicle.car
11 46 22614.0 12292.0 vehicle.car
11 47 22533.0 12298.0 vehicle.car
11 48 22561.0 12299.0 vehicle.car
11 49 22715.0 12294.0 vehicle.car
11 50 23335.0 12423.0 vehicle.truck
11 51 22483.0 12291.0 vehicle.car
11 52 22587.0 12289.0 vehicle.car
11 53 22690.0 12290.0 vehicle.car
11 54 22787.0 12461.0 human.pedestrian.adult
11 55 23416.0 12277.0 vehicle.car
11 56 22794.0 12288.0 vehicle.car
11 57 23018.0 12285.0 vehicle.car
12 0 22515.0 12407.0 vehicle.ego
12 1 22273.0 12507.0 vehicle.car
12 2 22204.0 12304.0 vehicle.car
12 7 22089.0 12626.0 vehicle.car
12 9 22289.0 12297.0 vehicle.car
12 12 22248.0 12638.0 vehicle.car
12 13 22455.0 12299.0 vehicle.truck
12 14 22316.0 12294.0 vehicle.car
12 16 22328.0 12510.0 vehicle.car
12 17 22427.0 12298.0 vehicle.truck
12 18 22216.0 12638.0 vehicle.car
12 19 22324.0 12636.0 vehicle.car
12 21 22460.0 12499.0 vehicle.car
12 22 22543.0 12498.0 vehicle.car
12 23 22372.0 12298.0 vehicle.truck
12 24 22294.0 12408.0 vehicle.car
12 25 22179.0 12309.0 vehicle.truck
12 26 22400.0 12306.0 vehicle.car
12 28 22218.0 12508.0 vehicle.car
12 32 22274.0 12638.0 vehicle.car
12 33 22163.0 12641.0 vehicle.car
12 34 22258.0 12308.0 vehicle.truck
12 36 22602.0 12499.0 vehicle.car
12 37 22509.0 12294.0 vehicle.car
12 38 22488.0 12501.0 vehicle.car
12 39 22770.0 12286.0 vehicle.car
12 40 22573.0 12626.0 vehicle.car
12 41 22576.0 12497.0 vehicle.car
12 42 22354.0 12636.0 vehicle.car
12 43 22515.0 12499.0 vehicle.car
12 45 22521.0 12632.0 vehicle.car
12 46 22614.0 12292.0 vehicle.car
12 47 22534.0 12298.0 vehicle.car
12 48 22561.0 12299.0 vehicle.car
12 49 22715.0 12294.0 vehicle.car
12 50 23335.0 12423.0 vehicle.truck
12 51 22483.0 12293.0 vehicle.car
12 52 22587.0 12289.0 vehicle.car
12 53 22690.0 12290.0 vehicle.car
12 54 22793.0 12463.0 human.pedestrian.adult
12 55 23416.0 12277.0 vehicle.car
12 56 22794.0 12289.0 vehicle.car
12 57 23018.0 12285.0 vehicle.car
12 58 23079.0 12280.0 vehicle.car
13 0 22543.0 12406.0 vehicle.ego
13 1 22274.0 12507.0 vehicle.car
13 2 22205.0 12304.0 vehicle.car
13 7 22089.0 12626.0 vehicle.car
13 12 22248.0 12638.0 vehicle.car
13 13 22454.0 12300.0 vehicle.truck
13 14 22316.0 12294.0 vehicle.car
13 16 22328.0 12510.0 vehicle.car
13 17 22427.0 12298.0 vehicle.truck
13 18 22216.0 12638.0 vehicle.car
13 19 22324.0 12636.0 vehicle.car
13 21 22460.0 12499.0 vehicle.car
13 22 22544.0 12498.0 vehicle.car
13 23 22372.0 12298.0 vehicle.truck
13 24 22335.0 12407.0 vehicle.car
13 25 22180.0 12309.0 vehicle.truck
13 26 22399.0 12306.0 vehicle.car
13 28 22218.0 12508.0 vehicle.car
13 32 22275.0 12638.0 vehicle.car
13 33 22163.0 12641.0 vehicle.car
13 34 22258.0 12308.0 vehicle.truck
13 36 22602.0 12498.0 vehicle.car
13 37 22509.0 12294.0 vehicle.car
13 38 22488.0 12501.0 vehicle.car
13 39 22770.0 12287.0 vehicle.car
13 40 22573.0 12627.0 vehicle.car
13 41 22576.0 12497.0 vehicle.car
13 43 22515.0 12499.0 vehicle.car
13 45 22522.0 12633.0 vehicle.car
13 46 22614.0 12292.0 vehicle.car
13 47 22534.0 12298.0 vehicle.car
13 48 22562.0 12299.0 vehicle.car
13 49 22714.0 12294.0 vehicle.car
13 50 23335.0 12425.0 vehicle.truck
13 51 22484.0 12293.0 vehicle.car
13 52 22587.0 12289.0 vehicle.car
13 53 22690.0 12290.0 vehicle.car
13 54 22798.0 12465.0 human.pedestrian.adult
13 55 23416.0 12277.0 vehicle.car
13 56 22794.0 12289.0 vehicle.car
13 57 23018.0 12285.0 vehicle.car
13 58 23079.0 12281.0 vehicle.car
14 0 22569.0 12406.0 vehicle.ego
14 1 22274.0 12507.0 vehicle.car
14 2 22205.0 12304.0 vehicle.car
14 7 22090.0 12626.0 vehicle.car
14 12 22248.0 12638.0 vehicle.car
14 13 22454.0 12298.0 vehicle.truck
14 14 22316.0 12294.0 vehicle.car
14 16 22328.0 12510.0 vehicle.car
14 17 22427.0 12298.0 vehicle.truck
14 18 22216.0 12638.0 vehicle.car
14 19 22324.0 12636.0 vehicle.car
14 21 22460.0 12498.0 vehicle.car
14 22 22544.0 12498.0 vehicle.car
14 24 22374.0 12407.0 vehicle.car
14 25 22181.0 12310.0 vehicle.truck
14 26 22399.0 12307.0 vehicle.car
14 28 22218.0 12508.0 vehicle.car
14 32 22276.0 12638.0 vehicle.car
14 33 22163.0 12639.0 vehicle.car
14 34 22258.0 12308.0 vehicle.truck
14 36 22602.0 12498.0 vehicle.car
14 37 22509.0 12294.0 vehicle.car
14 38 22488.0 12501.0 vehicle.car
14 39 22770.0 12287.0 vehicle.car
14 40 22573.0 12627.0 vehicle.car
14 41 22576.0 12497.0 vehicle.car
14 43 22515.0 12499.0 vehicle.car
14 45 22521.0 12633.0 vehicle.car
14 46 22614.0 12292.0 vehicle.car
14 47 22534.0 12298.0 vehicle.car
14 48 22562.0 12299.0 vehicle.car
14 49 22714.0 12294.0 vehicle.car
14 50 23334.0 12422.0 vehicle.truck
14 51 22484.0 12293.0 vehicle.car
14 52 22587.0 12289.0 vehicle.car
14 53 22690.0 12290.0 vehicle.car
14 54 22802.0 12470.0 human.pedestrian.adult
14 55 23415.0 12277.0 vehicle.car
14 56 22794.0 12289.0 vehicle.car
14 57 23018.0 12285.0 vehicle.car
14 58 23079.0 12282.0 vehicle.car
14 59 23042.0 12284.0 vehicle.car
15 0 22595.0 12405.0 vehicle.ego
15 1 22274.0 12508.0 vehicle.car
15 2 22206.0 12304.0 vehicle.car
15 7 22090.0 12626.0 vehicle.car
15 12 22248.0 12638.0 vehicle.car
15 13 22454.0 12299.0 vehicle.truck
15 14 22316.0 12294.0 vehicle.car
15 16 22328.0 12510.0 vehicle.car
15 17 22427.0 12298.0 vehicle.truck
15 18 22216.0 12638.0 vehicle.car
15 19 22324.0 12636.0 vehicle.car
15 21 22460.0 12498.0 vehicle.car
15 22 22544.0 12498.0 vehicle.car
15 24 22411.0 12407.0 vehicle.car
15 25 22182.0 12310.0 vehicle.truck
15 26 22398.0 12307.0 vehicle.car
15 28 22218.0 12508.0 vehicle.car
15 33 22162.0 12636.0 vehicle.car
15 34 22258.0 12308.0 vehicle.truck
15 36 22602.0 12498.0 vehicle.car
15 37 22509.0 12294.0 vehicle.car
15 38 22488.0 12501.0 vehicle.car
15 39 22770.0 12287.0 vehicle.car
15 40 22573.0 12627.0 vehicle.car
15 41 22576.0 12497.0 vehicle.car
15 43 22516.0 12499.0 vehicle.car
15 45 22521.0 12633.0 vehicle.car
15 46 22614.0 12292.0 vehicle.car
15 47 22534.0 12298.0 vehicle.car
15 48 22561.0 12299.0 vehicle.car
15 49 22714.0 12294.0 vehicle.car
15 50 23336.0 12422.0 vehicle.truck
15 51 22484.0 12293.0 vehicle.car
15 52 22587.0 12289.0 vehicle.car
15 53 22690.0 12289.0 vehicle.car
15 54 22804.0 12476.0 human.pedestrian.adult
15 55 23415.0 12277.0 vehicle.car
15 56 22794.0 12289.0 vehicle.car
15 57 23018.0 12285.0 vehicle.car
15 58 23079.0 12282.0 vehicle.car
15 59 23042.0 12284.0 vehicle.car
15 60 22998.0 12482.0 vehicle.car
15 61 23075.0 12604.0 vehicle.truck
16 0 22621.0 12404.0 vehicle.ego
16 1 22274.0 12509.0 vehicle.car
16 2 22206.0 12304.0 vehicle.car
16 7 22090.0 12626.0 vehicle.car
16 13 22454.0 12299.0 vehicle.truck
16 14 22316.0 12294.0 vehicle.car
16 16 22328.0 12510.0 vehicle.car
16 17 22427.0 12298.0 vehicle.truck
16 19 22324.0 12636.0 vehicle.car
16 21 22460.0 12498.0 vehicle.car
16 22 22544.0 12498.0 vehicle.car
16 24 22447.0 12406.0 vehicle.car
16 25 22182.0 12310.0 vehicle.truck
16 26 22398.0 12307.0 vehicle.car
16 28 22218.0 12508.0 vehicle.car
16 33 22162.0 12633.0 vehicle.car
16 34 22258.0 12308.0 vehicle.truck
16 36 22602.0 12498.0 vehicle.car
16 37 22509.0 12294.0 vehicle.car
16 38 22488.0 12501.0 vehicle.car
16 39 22770.0 12287.0 vehicle.car
16 40 22573.0 12626.0 vehicle.car
16 41 22576.0 12497.0 vehicle.car
16 43 22516.0 12499.0 vehicle.car
16 45 22521.0 12633.0 vehicle.car
16 46 22614.0 12292.0 vehicle.car
16 47 22534.0 12298.0 vehicle.car
16 48 22560.0 12299.0 vehicle.car
16 49 22714.0 12294.0 vehicle.car
16 50 23334.0 12426.0 vehicle.truck
16 51 22484.0 12293.0 vehicle.car
16 52 22587.0 12289.0 vehicle.car
16 53 22690.0 12289.0 vehicle.car
16 54 22807.0 12483.0 human.pedestrian.adult
16 55 23415.0 12277.0 vehicle.car
16 56 22794.0 12289.0 vehicle.car
16 57 23018.0 12285.0 vehicle.car
16 58 23079.0 12283.0 vehicle.car
16 59 23042.0 12284.0 vehicle.car
16 60 22998.0 12483.0 vehicle.car
16 61 23075.0 12604.0 vehicle.truck
16 62 23004.0 12575.0 vehicle.car
17 0 22646.0 12403.0 vehicle.ego
17 1 22274.0 12509.0 vehicle.car
17 7 22089.0 12626.0 vehicle.car
17 13 22454.0 12299.0 vehicle.truck
17 16 22328.0 12510.0 vehicle.car
17 17 22427.0 12298.0 vehicle.truck
17 19 22324.0 12636.0 vehicle.car
17 21 22460.0 12498.0 vehicle.car
17 22 22544.0 12498.0 vehicle.car
17 24 22482.0 12406.0 vehicle.car
17 25 22182.0 12310.0 vehicle.truck
17 26 22397.0 12306.0 vehicle.car
17 28 22218.0 12508.0 vehicle.car
17 34 22258.0 12308.0 vehicle.truck
17 36 22602.0 12498.0 vehicle.car
17 37 22509.0 12294.0 vehicle.car
17 38 22488.0 12501.0 vehicle.car
17 39 22770.0 12287.0 vehicle.car
17 40 22573.0 12626.0 vehicle.car
17 41 22576.0 12497.0 vehicle.car
17 43 22516.0 12499.0 vehicle.car
17 45 22521.0 12633.0 vehicle.car
17 46 22614.0 12292.0 vehicle.car
17 47 22534.0 12298.0 vehicle.car
17 48 22560.0 12299.0 vehicle.car
17 49 22714.0 12294.0 vehicle.car
17 50 23334.0 12426.0 vehicle.truck
17 51 22484.0 12293.0 vehicle.car
17 52 22587.0 12289.0 vehicle.car
17 53 22690.0 12289.0 vehicle.car
17 54 22809.0 12489.0 human.pedestrian.adult
17 55 23415.0 12277.0 vehicle.car
17 56 22794.0 12289.0 vehicle.car
17 57 23018.0 12285.0 vehicle.car
17 58 23078.0 12284.0 vehicle.car
17 59 23042.0 12285.0 vehicle.car
17 60 22998.0 12484.0 vehicle.car
17 61 23075.0 12604.0 vehicle.truck
17 62 23004.0 12575.0 vehicle.car
17 63 22828.0 12514.0 human.pedestrian.adult
18 0 22673.0 12402.0 vehicle.ego
18 7 22087.0 12626.0 vehicle.car
18 13 22454.0 12300.0 vehicle.truck
18 16 22328.0 12510.0 vehicle.car
18 17 22427.0 12298.0 vehicle.truck
18 19 22324.0 12636.0 vehicle.car
18 21 22460.0 12498.0 vehicle.car
18 22 22544.0 12498.0 vehicle.car
18 24 22515.0 12406.0 vehicle.car
18 26 22397.0 12305.0 vehicle.car
18 34 22258.0 12308.0 vehicle.truck
18 36 22602.0 12498.0 vehicle.car
18 37 22509.0 12294.0 vehicle.car
18 38 22488.0 12501.0 vehicle.car
18 39 22770.0 12288.0 vehicle.car
18 40 22572.0 12626.0 vehicle.car
18 41 22576.0 12497.0 vehicle.car
18 43 22516.0 12499.0 vehicle.car
18 45 22521.0 12633.0 vehicle.car
18 46 22614.0 12292.0 vehicle.car
18 47 22534.0 12298.0 vehicle.car
18 48 22559.0 12299.0 vehicle.car
18 49 22714.0 12294.0 vehicle.car
18 50 23333.0 12426.0 vehicle.truck
18 51 22484.0 12293.0 vehicle.car
18 52 22587.0 12289.0 vehicle.car
18 53 22690.0 12289.0 vehicle.car
18 54 22811.0 12495.0 human.pedestrian.adult
18 55 23415.0 12276.0 vehicle.car
18 56 22794.0 12289.0 vehicle.car
18 57 23018.0 12285.0 vehicle.car
18 58 23078.0 12284.0 vehicle.car
18 59 23042.0 12284.0 vehicle.car
18 60 22998.0 12485.0 vehicle.car
18 61 23075.0 12604.0 vehicle.truck
18 62 23003.0 12575.0 vehicle.car
18 63 22835.0 12516.0 human.pedestrian.adult
18 64 22916.0 12627.0 vehicle.car
19 0 22704.0 12402.0 vehicle.ego
19 7 22087.0 12627.0 vehicle.car
19 13 22454.0 12299.0 vehicle.truck
19 17 22427.0 12298.0 vehicle.truck
19 19 22323.0 12636.0 vehicle.car
19 21 22460.0 12498.0 vehicle.car
19 22 22544.0 12498.0 vehicle.car
19 24 22545.0 12404.0 vehicle.car
19 26 22397.0 12305.0 vehicle.car
19 36 22602.0 12498.0 vehicle.car
19 37 22509.0 12294.0 vehicle.car
19 38 22488.0 12501.0 vehicle.car
19 39 22770.0 12288.0 vehicle.car
19 40 22572.0 12626.0 vehicle.car
19 41 22576.0 12497.0 vehicle.car
19 43 22515.0 12499.0 vehicle.car
19 45 22519.0 12633.0 vehicle.car
19 46 22614.0 12292.0 vehicle.car
19 47 22534.0 12298.0 vehicle.car
19 48 22560.0 12300.0 vehicle.car
19 49 22714.0 12294.0 vehicle.car
19 50 23334.0 12428.0 vehicle.truck
19 51 22484.0 12293.0 vehicle.car
19 52 22587.0 12289.0 vehicle.car
19 53 22690.0 12289.0 vehicle.car
19 54 22815.0 12500.0 human.pedestrian.adult
19 55 23416.0 12276.0 vehicle.car
19 56 22794.0 12289.0 vehicle.car
19 57 23018.0 12285.0 vehicle.car
19 58 23078.0 12285.0 vehicle.car
19 59 23042.0 12284.0 vehicle.car
19 60 22998.0 12487.0 vehicle.car
19 61 23075.0 12604.0 vehicle.truck
19 62 23002.0 12575.0 vehicle.car
19 63 22842.0 12515.0 human.pedestrian.adult
19 64 22916.0 12627.0 vehicle.car
19 65 23437.0 12585.0 vehicle.truck
19 66 22810.0 12525.0 human.pedestrian.adult
20 0 22738.0 12402.0 vehicle.ego
20 7 22084.0 12627.0 vehicle.car
20 13 22454.0 12299.0 vehicle.truck
20 17 22427.0 12298.0 vehicle.truck
20 19 22322.0 12637.0 vehicle.car
20 21 22460.0 12498.0 vehicle.car
20 22 22544.0 12498.0 vehicle.car
20 24 22575.0 12403.0 vehicle.car
20 26 22396.0 12304.0 vehicle.car
20 36 22602.0 12498.0 vehicle.car
20 37 22509.0 12294.0 vehicle.car
20 38 22488.0 12501.0 vehicle.car
20 39 22770.0 12288.0 vehicle.car
20 40 22572.0 12626.0 vehicle.car
20 41 22576.0 12497.0 vehicle.car
20 43 22515.0 12499.0 vehicle.car
20 45 22519.0 12633.0 vehicle.car
20 46 22614.0 12292.0 vehicle.car
20 47 22534.0 12298.0 vehicle.car
20 48 22560.0 12300.0 vehicle.car
20 49 22714.0 12294.0 vehicle.car
20 50 23334.0 12427.0 vehicle.truck
20 51 22484.0 12293.0 vehicle.car
20 52 22587.0 12289.0 vehicle.car
20 53 22690.0 12289.0 vehicle.car
20 54 22819.0 12504.0 human.pedestrian.adult
20 55 23416.0 12276.0 vehicle.car
20 56 22794.0 12289.0 vehicle.car
20 57 23018.0 12285.0 vehicle.car
20 58 23078.0 12287.0 vehicle.car
20 59 23043.0 12285.0 vehicle.car
20 60 22998.0 12488.0 vehicle.car
20 61 23075.0 12604.0 vehicle.truck
20 62 23000.0 12576.0 vehicle.car
20 63 22848.0 12514.0 human.pedestrian.adult
20 64 22915.0 12627.0 vehicle.car
20 65 23437.0 12585.0 vehicle.truck
20 66 22817.0 12528.0 human.pedestrian.adult
20 67 22830.0 12575.0 human.pedestrian.adult
21 0 22775.0 12401.0 vehicle.ego
21 7 22085.0 12627.0 vehicle.car
21 13 22454.0 12298.0 vehicle.truck
21 17 22427.0 12298.0 vehicle.truck
21 19 22324.0 12637.0 vehicle.car
21 21 22460.0 12498.0 vehicle.car
21 22 22544.0 12498.0 vehicle.car
21 24 22606.0 12402.0 vehicle.car
21 36 22602.0 12498.0 vehicle.car
21 37 22509.0 12294.0 vehicle.car
21 38 22488.0 12501.0 vehicle.car
21 39 22770.0 12288.0 vehicle.car
21 40 22572.0 12626.0 vehicle.car
21 41 22576.0 12497.0 vehicle.car
21 43 22515.0 12499.0 vehicle.car
21 45 22520.0 12634.0 vehicle.car
21 46 22614.0 12292.0 vehicle.car
21 47 22534.0 12298.0 vehicle.car
21 48 22560.0 12300.0 vehicle.car
21 49 22714.0 12294.0 vehicle.car
21 50 23333.0 12426.0 vehicle.truck
21 51 22484.0 12293.0 vehicle.car
21 52 22587.0 12289.0 vehicle.car
21 53 22690.0 12289.0 vehicle.car
21 54 22825.0 12508.0 human.pedestrian.adult
21 55 23416.0 12276.0 vehicle.car
21 56 22794.0 12289.0 vehicle.car
21 57 23018.0 12285.0 vehicle.car
21 58 23078.0 12287.0 vehicle.car
21 59 23044.0 12286.0 vehicle.car
21 60 22999.0 12488.0 vehicle.car
21 61 23075.0 12604.0 vehicle.truck
21 62 23001.0 12576.0 vehicle.car
21 63 22855.0 12509.0 human.pedestrian.adult
21 64 22915.0 12626.0 vehicle.car
21 65 23437.0 12585.0 vehicle.truck
21 66 22824.0 12532.0 human.pedestrian.adult
21 67 22830.0 12581.0 human.pedestrian.adult
21 68 23520.0 12270.0 vehicle.car
21 69 23472.0 12341.0 vehicle.car
21 70 23278.0 12596.0 vehicle.truck
22 0 22814.0 12400.0 vehicle.ego
22 7 22086.0 12627.0 vehicle.car
22 13 22454.0 12299.0 vehicle.truck
22 17 22427.0 12299.0 vehicle.truck
22 19 22324.0 12637.0 vehicle.car
22 21 22460.0 12498.0 vehicle.car
22 22 22544.0 12498.0 vehicle.car
22 24 22637.0 12401.0 vehicle.car
22 36 22602.0 12498.0 vehicle.car
22 37 22509.0 12294.0 vehicle.car
22 38 22488.0 12501.0 vehicle.car
22 39 22770.0 12288.0 vehicle.car
22 41 22576.0 12497.0 vehicle.car
22 43 22515.0 12499.0 vehicle.car
22 45 22520.0 12634.0 vehicle.car
22 46 22614.0 12292.0 vehicle.car
22 48 22560.0 12300.0 vehicle.car
22 49 22714.0 12294.0 vehicle.car
22 50 23334.0 12425.0 vehicle.truck
22 51 22484.0 12293.0 vehicle.car
22 52 22587.0 12289.0 vehicle.car
22 53 22690.0 12289.0 vehicle.car
22 54 22831.0 12509.0 human.pedestrian.adult
22 55 23417.0 12276.0 vehicle.car
22 56 22794.0 12289.0 vehicle.car
22 57 23018.0 12285.0 vehicle.car
22 58 23078.0 12286.0 vehicle.car
22 59 23044.0 12286.0 vehicle.car
22 60 22999.0 12487.0 vehicle.car
22 61 23075.0 12604.0 vehicle.truck
22 62 23001.0 12576.0 vehicle.car
22 63 22861.0 12505.0 human.pedestrian.adult
22 64 22915.0 12625.0 vehicle.car
22 65 23437.0 12585.0 vehicle.truck
22 66 22831.0 12535.0 human.pedestrian.adult
22 67 22830.0 12587.0 human.pedestrian.adult
22 68 23520.0 12271.0 vehicle.car
22 69 23433.0 12341.0 vehicle.car
22 70 23278.0 12596.0 vehicle.truck
22 71 23368.0 12598.0 vehicle.truck
23 0 22854.0 12399.0 vehicle.ego
23 7 22086.0 12627.0 vehicle.car
23 13 22454.0 12301.0 vehicle.truck
23 17 22427.0 12299.0 vehicle.truck
23 19 22324.0 12637.0 vehicle.car
23 21 22460.0 12498.0 vehicle.car
23 22 22544.0 12498.0 vehicle.car
23 24 22668.0 12400.0 vehicle.car
23 36 22602.0 12498.0 vehicle.car
23 37 22509.0 12294.0 vehicle.car
23 38 22488.0 12501.0 vehicle.car
23 39 22770.0 12288.0 vehicle.car
23 41 22576.0 12497.0 vehicle.car
23 43 22515.0 12499.0 vehicle.car
23 45 22520.0 12634.0 vehicle.car
23 46 22614.0 12292.0 vehicle.car
23 48 22560.0 12300.0 vehicle.car
23 49 22714.0 12294.0 vehicle.car
23 50 23335.0 12425.0 vehicle.truck
23 51 22484.0 12293.0 vehicle.car
23 52 22587.0 12289.0 vehicle.car
23 53 22690.0 12289.0 vehicle.car
23 54 22837.0 12510.0 human.pedestrian.adult
23 55 23417.0 12276.0 vehicle.car
23 56 22794.0 12289.0 vehicle.car
23 57 23018.0 12285.0 vehicle.car
23 58 23077.0 12286.0 vehicle.car
23 59 23044.0 12285.0 vehicle.car
23 60 22999.0 12487.0 vehicle.car
23 61 23075.0 12604.0 vehicle.truck
23 62 23001.0 12576.0 vehicle.car
23 63 22867.0 12498.0 human.pedestrian.adult
23 64 22916.0 12625.0 vehicle.car
23 65 23437.0 12585.0 vehicle.truck
23 66 22839.0 12533.0 human.pedestrian.adult
23 67 22828.0 12593.0 human.pedestrian.adult
23 68 23520.0 12271.0 vehicle.car
23 69 23395.0 12342.0 vehicle.car
23 70 23278.0 12596.0 vehicle.truck
23 71 23368.0 12598.0 vehicle.truck
23 72 23113.0 12279.0 vehicle.car
24 0 22896.0 12397.0 vehicle.ego
24 7 22087.0 12627.0 vehicle.car
24 13 22454.0 12301.0 vehicle.truck
24 17 22427.0 12299.0 vehicle.truck
24 19 22324.0 12637.0 vehicle.car
24 21 22460.0 12498.0 vehicle.car
24 22 22544.0 12498.0 vehicle.car
24 24 22700.0 12399.0 vehicle.car
24 36 22602.0 12498.0 vehicle.car
24 37 22509.0 12294.0 vehicle.car
24 38 22488.0 12501.0 vehicle.car
24 39 22770.0 12288.0 vehicle.car
24 43 22515.0 12499.0 vehicle.car
24 46 22614.0 12292.0 vehicle.car
24 48 22561.0 12300.0 vehicle.car
24 49 22714.0 12294.0 vehicle.car
24 50 23334.0 12425.0 vehicle.truck
24 51 22484.0 12293.0 vehicle.car
24 52 22587.0 12289.0 vehicle.car
24 53 22690.0 12289.0 vehicle.car
24 54 22844.0 12510.0 human.pedestrian.adult
24 55 23417.0 12276.0 vehicle.car
24 56 22794.0 12289.0 vehicle.car
24 57 23018.0 12285.0 vehicle.car
24 58 23078.0 12286.0 vehicle.car
24 59 23044.0 12285.0 vehicle.car
24 60 22999.0 12486.0 vehicle.car
24 61 23075.0 12604.0 vehicle.truck
24 62 23002.0 12576.0 vehicle.car
24 63 22872.0 12492.0 human.pedestrian.adult
24 64 22915.0 12626.0 vehicle.car
24 65 23437.0 12585.0 vehicle.truck
24 66 22846.0 12530.0 human.pedestrian.adult
24 67 22826.0 12599.0 human.pedestrian.adult
24 68 23520.0 12272.0 vehicle.car
24 69 23357.0 12342.0 vehicle.car
24 70 23278.0 12596.0 vehicle.truck
24 71 23368.0 12598.0 vehicle.truck
24 72 23113.0 12279.0 vehicle.car
24 73 23062.0 12300.0 human.pedestrian.adult
25 0 22937.0 12397.0 vehicle.ego
25 7 22087.0 12627.0 vehicle.car
25 13 22454.0 12302.0 vehicle.truck
25 19 22324.0 12637.0 vehicle.car
25 21 22460.0 12498.0 vehicle.car
25 24 22733.0 12397.0 vehicle.car
25 36 22602.0 12498.0 vehicle.car
25 38 22488.0 12501.0 vehicle.car
25 39 22770.0 12288.0 vehicle.car
25 46 22614.0 12292.0 vehicle.car
25 48 22561.0 12300.0 vehicle.car
25 49 22714.0 12294.0 vehicle.car
25 50 23333.0 12425.0 vehicle.truck
25 53 22690.0 12289.0 vehicle.car
25 54 22849.0 12508.0 human.pedestrian.adult
25 55 23418.0 12275.0 vehicle.car
25 56 22794.0 12289.0 vehicle.car
25 57 23018.0 12285.0 vehicle.car
25 58 23078.0 12286.0 vehicle.car
25 59 23045.0 12285.0 vehicle.car
25 60 22999.0 12486.0 vehicle.car
25 61 23075.0 12604.0 vehicle.truck
25 62 23002.0 12576.0 vehicle.car
25 63 22878.0 12488.0 human.pedestrian.adult
25 64 22916.0 12624.0 vehicle.car
25 65 23437.0 12585.0 vehicle.truck
25 66 22853.0 12527.0 human.pedestrian.adult
25 67 22824.0 12605.0 human.pedestrian.adult
25 68 23520.0 12272.0 vehicle.car
25 69 23318.0 12343.0 vehicle.car
25 70 23278.0 12596.0 vehicle.truck
25 71 23368.0 12598.0 vehicle.truck
25 72 23113.0 12279.0 vehicle.car
25 73 23062.0 12300.0 human.pedestrian.adult
25 74 23457.0 12274.0 vehicle.car
25 75 23329.0 12584.0 vehicle.truck
26 0 22979.0 12396.0 vehicle.ego
26 7 22087.0 12627.0 vehicle.car
26 13 22454.0 12302.0 vehicle.truck
26 19 22324.0 12637.0 vehicle.car
26 21 22460.0 12498.0 vehicle.car
26 24 22768.0 12396.0 vehicle.car
26 36 22602.0 12498.0 vehicle.car
26 38 22488.0 12501.0 vehicle.car
26 39 22770.0 12288.0 vehicle.car
26 46 22614.0 12292.0 vehicle.car
26 48 22562.0 12299.0 vehicle.car
26 49 22714.0 12294.0 vehicle.car
26 50 23332.0 12425.0 vehicle.truck
26 54 22854.0 12506.0 human.pedestrian.adult
26 55 23418.0 12275.0 vehicle.car
26 56 22794.0 12289.0 vehicle.car
26 57 23018.0 12285.0 vehicle.car
26 58 23078.0 12286.0 vehicle.car
26 59 23045.0 12284.0 vehicle.car
26 60 23000.0 12486.0 vehicle.car
26 61 23075.0 12604.0 vehicle.truck
26 62 23002.0 12576.0 vehicle.car
26 63 22884.0 12484.0 human.pedestrian.adult
26 64 22916.0 12625.0 vehicle.car
26 65 23437.0 12585.0 vehicle.truck
26 66 22859.0 12523.0 human.pedestrian.adult
26 67 22823.0 12611.0 human.pedestrian.adult
26 68 23520.0 12273.0 vehicle.car
26 69 23280.0 12343.0 vehicle.car
26 70 23278.0 12596.0 vehicle.truck
26 71 23368.0 12598.0 vehicle.truck
26 72 23113.0 12279.0 vehicle.car
26 73 23062.0 12300.0 human.pedestrian.adult
26 74 23457.0 12274.0 vehicle.car
26 75 23329.0 12584.0 vehicle.truck
26 76 23272.0 12694.0 human.pedestrian.adult
26 77 23499.0 12558.0 vehicle.car
27 0 23022.0 12395.0 vehicle.ego
27 7 22087.0 12627.0 vehicle.car
27 13 22454.0 12302.0 vehicle.truck
27 19 22324.0 12637.0 vehicle.car
27 21 22460.0 12498.0 vehicle.car
27 24 22805.0 12396.0 vehicle.car
27 36 22602.0 12498.0 vehicle.car
27 38 22488.0 12501.0 vehicle.car
27 46 22614.0 12292.0 vehicle.car
27 48 22562.0 12299.0 vehicle.car
27 49 22714.0 12294.0 vehicle.car
27 50 23331.0 12425.0 vehicle.truck
27 54 22856.0 12500.0 human.pedestrian.adult
27 55 23418.0 12275.0 vehicle.car
27 56 22794.0 12289.0 vehicle.car
27 57 23018.0 12285.0 vehicle.car
27 58 23078.0 12286.0 vehicle.car
27 59 23045.0 12284.0 vehicle.car
27 60 23001.0 12486.0 vehicle.car
27 61 23075.0 12604.0 vehicle.truck
27 62 23002.0 12576.0 vehicle.car
27 63 22891.0 12485.0 human.pedestrian.adult
27 64 22917.0 12627.0 vehicle.car
27 65 23437.0 12585.0 vehicle.truck
27 66 22864.0 12518.0 human.pedestrian.adult
27 68 23520.0 12273.0 vehicle.car
27 69 23242.0 12344.0 vehicle.car
27 70 23278.0 12596.0 vehicle.truck
27 71 23368.0 12598.0 vehicle.truck
27 72 23113.0 12279.0 vehicle.car
27 73 23062.0 12300.0 human.pedestrian.adult
27 74 23457.0 12274.0 vehicle.car
27 75 23329.0 12584.0 vehicle.truck
27 76 23280.0 12694.0 human.pedestrian.adult
27 77 23499.0 12558.0 vehicle.car
27 78 23548.0 12279.0 vehicle.car
28 0 23059.0 12394.0 vehicle.ego
28 7 22088.0 12627.0 vehicle.car
28 13 22454.0 12302.0 vehicle.truck
28 19 22323.0 12637.0 vehicle.car
28 24 22840.0 12395.0 vehicle.car
28 36 22602.0 12498.0 vehicle.car
28 38 22488.0 12501.0 vehicle.car
28 46 22614.0 12292.0 vehicle.car
28 48 22562.0 12299.0 vehicle.car
28 50 23331.0 12425.0 vehicle.truck
28 54 22857.0 12495.0 human.pedestrian.adult
28 55 23418.0 12275.0 vehicle.car
28 56 22794.0 12289.0 vehicle.car
28 57 23019.0 12285.0 vehicle.car
28 58 23078.0 12286.0 vehicle.car
28 59 23047.0 12284.0 vehicle.car
28 60 23002.0 12486.0 vehicle.car
28 61 23075.0 12604.0 vehicle.truck
28 62 23002.0 12576.0 vehicle.car
28 63 22898.0 12481.0 human.pedestrian.adult
28 64 22917.0 12626.0 vehicle.car
28 65 23437.0 12585.0 vehicle.truck
28 66 22867.0 12512.0 human.pedestrian.adult
28 68 23521.0 12274.0 vehicle.car
28 69 23204.0 12344.0 vehicle.car
28 70 23279.0 12596.0 vehicle.truck
28 71 23368.0 12598.0 vehicle.truck
28 72 23113.0 12279.0 vehicle.car
28 73 23062.0 12300.0 human.pedestrian.adult
28 74 23457.0 12274.0 vehicle.car
28 75 23329.0 12584.0 vehicle.truck
28 76 23288.0 12693.0 human.pedestrian.adult
28 77 23499.0 12558.0 vehicle.car
28 78 23548.0 12279.0 vehicle.car
29 0 23101.0 12394.0 vehicle.ego
29 13 22455.0 12302.0 vehicle.truck
29 19 22323.0 12637.0 vehicle.car
29 24 22880.0 12393.0 vehicle.car
29 36 22602.0 12498.0 vehicle.car
29 38 22488.0 12501.0 vehicle.car
29 46 22614.0 12292.0 vehicle.car
29 48 22562.0 12299.0 vehicle.car
29 50 23330.0 12425.0 vehicle.truck
29 54 22857.0 12489.0 human.pedestrian.adult
29 55 23418.0 12275.0 vehicle.car
29 56 22794.0 12289.0 vehicle.car
29 57 23019.0 12285.0 vehicle.car
29 58 23078.0 12286.0 vehicle.car
29 59 23047.0 12284.0 vehicle.car
29 60 23002.0 12486.0 vehicle.car
29 61 23075.0 12604.0 vehicle.truck
29 63 22903.0 12478.0 human.pedestrian.adult
29 64 22917.0 12626.0 vehicle.car
29 65 23437.0 12585.0 vehicle.truck
29 66 22869.0 12507.0 human.pedestrian.adult
29 68 23521.0 12274.0 vehicle.car
29 69 23165.0 12345.0 vehicle.car
29 70 23279.0 12596.0 vehicle.truck
29 71 23368.0 12598.0 vehicle.truck
29 72 23113.0 12279.0 vehicle.car
29 73 23062.0 12300.0 human.pedestrian.adult
29 74 23457.0 12274.0 vehicle.car
29 75 23329.0 12584.0 vehicle.truck
29 76 23287.0 12691.0 human.pedestrian.adult
29 77 23499.0 12558.0 vehicle.car
29 78 23548.0 12279.0 vehicle.car
29 79 23311.0 12184.0 vehicle.truck
29 80 23282.0 12185.0 vehicle.car
30 0 23143.0 12393.0 vehicle.ego
30 13 22455.0 12302.0 vehicle.truck
30 19 22323.0 12637.0 vehicle.car
30 24 22922.0 12392.0 vehicle.car
30 36 22602.0 12498.0 vehicle.car
30 38 22488.0 12501.0 vehicle.car
30 46 22614.0 12292.0 vehicle.car
30 48 22562.0 12299.0 vehicle.car
30 50 23329.0 12425.0 vehicle.truck
30 54 22859.0 12484.0 human.pedestrian.adult
30 55 23418.0 12275.0 vehicle.car
30 56 22794.0 12289.0 vehicle.car
30 57 23019.0 12285.0 vehicle.car
30 58 23078.0 12286.0 vehicle.car
30 59 23047.0 12284.0 vehicle.car
30 60 23003.0 12486.0 vehicle.car
30 61 23075.0 12604.0 vehicle.truck
30 63 22912.0 12476.0 human.pedestrian.adult
30 65 23437.0 12585.0 vehicle.truck
30 66 22873.0 12501.0 human.pedestrian.adult
30 68 23521.0 12275.0 vehicle.car
30 69 23125.0 12346.0 vehicle.car
30 70 23279.0 12597.0 vehicle.truck
30 71 23368.0 12598.0 vehicle.truck
30 72 23113.0 12279.0 vehicle.car
30 73 23062.0 12300.0 human.pedestrian.adult
30 74 23457.0 12274.0 vehicle.car
30 75 23329.0 12584.0 vehicle.truck
30 77 23499.0 12558.0 vehicle.car
30 78 23548.0 12279.0 vehicle.car
30 79 23311.0 12184.0 vehicle.truck
30 80 23282.0 12185.0 vehicle.car
30 81 23901.0 12451.0 vehicle.car
30 82 23637.0 12440.0 vehicle.car
31 0 23185.0 12392.0 vehicle.ego
31 13 22455.0 12302.0 vehicle.truck
31 19 22323.0 12637.0 vehicle.car
31 24 22967.0 12392.0 vehicle.car
31 36 22602.0 12498.0 vehicle.car
31 38 22488.0 12501.0 vehicle.car
31 46 22614.0 12292.0 vehicle.car
31 50 23329.0 12425.0 vehicle.truck
31 54 22860.0 12478.0 human.pedestrian.adult
31 55 23418.0 12275.0 vehicle.car
31 56 22794.0 12289.0 vehicle.car
31 57 23019.0 12285.0 vehicle.car
31 58 23078.0 12286.0 vehicle.car
31 59 23047.0 12284.0 vehicle.car
31 60 23004.0 12486.0 vehicle.car
31 61 23075.0 12604.0 vehicle.truck
31 63 22918.0 12476.0 human.pedestrian.adult
31 65 23437.0 12585.0 vehicle.truck
31 66 22876.0 12495.0 human.pedestrian.adult
31 68 23521.0 12275.0 vehicle.car
31 69 23085.0 12346.0 vehicle.car
31 70 23280.0 12597.0 vehicle.truck
31 71 23368.0 12598.0 vehicle.truck
31 72 23113.0 12278.0 vehicle.car
31 73 23062.0 12300.0 human.pedestrian.adult
31 74 23457.0 12274.0 vehicle.car
31 75 23329.0 12584.0 vehicle.truck
31 77 23499.0 12558.0 vehicle.car
31 78 23548.0 12279.0 vehicle.car
31 79 23311.0 12184.0 vehicle.truck
31 80 23282.0 12185.0 vehicle.car
31 81 23901.0 12451.0 vehicle.car
31 82 23637.0 12440.0 vehicle.car
31 83 23403.0 12608.0 vehicle.truck
31 84 23790.0 12271.0 vehicle.car
31 85 23341.0 12171.0 vehicle.car
32 0 23226.0 12390.0 vehicle.ego
32 13 22455.0 12301.0 vehicle.truck
32 19 22325.0 12644.0 vehicle.car
32 24 23009.0 12391.0 vehicle.car
32 36 22602.0 12498.0 vehicle.car
32 38 22488.0 12501.0 vehicle.car
32 50 23329.0 12425.0 vehicle.truck
32 54 22862.0 12473.0 human.pedestrian.adult
32 55 23419.0 12275.0 vehicle.car
32 57 23019.0 12285.0 vehicle.car
32 58 23078.0 12286.0 vehicle.car
32 59 23047.0 12284.0 vehicle.car
32 60 23005.0 12486.0 vehicle.car
32 61 23075.0 12604.0 vehicle.truck
32 63 22925.0 12476.0 human.pedestrian.adult
32 65 23437.0 12585.0 vehicle.truck
32 68 23521.0 12276.0 vehicle.car
32 69 23045.0 12347.0 vehicle.car
32 70 23281.0 12595.0 vehicle.truck
32 71 23368.0 12598.0 vehicle.truck
32 72 23113.0 12278.0 vehicle.car
32 73 23062.0 12300.0 human.pedestrian.adult
32 74 23457.0 12274.0 vehicle.car
32 75 23329.0 12584.0 vehicle.truck
32 77 23499.0 12558.0 vehicle.car
32 78 23548.0 12279.0 vehicle.car
32 79 23311.0 12184.0 vehicle.truck
32 80 23282.0 12185.0 vehicle.car
32 81 23901.0 12451.0 vehicle.car
32 82 23637.0 12440.0 vehicle.car
32 83 23402.0 12608.0 vehicle.truck
32 84 23793.0 12269.0 vehicle.car
32 85 23341.0 12168.0 vehicle.car
32 86 23277.0 12100.0 vehicle.car
32 87 23771.0 12502.0 vehicle.car
32 88 23918.0 12267.0 vehicle.car
33 0 23265.0 12389.0 vehicle.ego
33 13 22455.0 12301.0 vehicle.truck
33 24 23051.0 12390.0 vehicle.car
33 36 22602.0 12498.0 vehicle.car
33 38 22488.0 12501.0 vehicle.car
33 50 23330.0 12425.0 vehicle.truck
33 54 22865.0 12468.0 human.pedestrian.adult
33 55 23419.0 12275.0 vehicle.car
33 57 23019.0 12285.0 vehicle.car
33 58 23078.0 12286.0 vehicle.car
33 59 23046.0 12285.0 vehicle.car
33 60 23005.0 12486.0 vehicle.car
33 61 23075.0 12604.0 vehicle.truck
33 63 22929.0 12472.0 human.pedestrian.adult
33 65 23437.0 12585.0 vehicle.truck
33 68 23521.0 12276.0 vehicle.car
33 69 23005.0 12348.0 vehicle.car
33 70 23281.0 12597.0 vehicle.truck
33 71 23368.0 12598.0 vehicle.truck
33 72 23113.0 12278.0 vehicle.car
33 73 23062.0 12300.0 human.pedestrian.adult
33 74 23457.0 12274.0 vehicle.car
33 75 23329.0 12584.0 vehicle.truck
33 77 23499.0 12558.0 vehicle.car
33 78 23548.0 12279.0 vehicle.car
33 79 23311.0 12184.0 vehicle.truck
33 80 23281.0 12185.0 vehicle.car
33 81 23901.0 12451.0 vehicle.car
33 82 23637.0 12440.0 vehicle.car
33 83 23402.0 12609.0 vehicle.truck
33 84 23793.0 12269.0 vehicle.car
33 85 23341.0 12165.0 vehicle.car
33 86 23277.0 12100.0 vehicle.car
33 87 23771.0 12502.0 vehicle.car
33 88 23918.0 12267.0 vehicle.car
33 89 23636.0 12473.0 vehicle.car
33 90 23604.0 12268.0 vehicle.car
33 91 23657.0 12272.0 vehicle.car
34 0 23304.0 12387.0 vehicle.ego
34 13 22455.0 12301.0 vehicle.truck
34 24 23093.0 12389.0 vehicle.car
34 36 22602.0 12499.0 vehicle.car
34 50 23330.0 12425.0 vehicle.truck
34 54 22867.0 12464.0 human.pedestrian.adult
34 55 23419.0 12275.0 vehicle.car
34 57 23019.0 12285.0 vehicle.car
34 58 23078.0 12286.0 vehicle.car
34 59 23046.0 12285.0 vehicle.car
34 60 23006.0 12486.0 vehicle.car
34 61 23075.0 12604.0 vehicle.truck
34 63 22933.0 12469.0 human.pedestrian.adult
34 65 23437.0 12585.0 vehicle.truck
34 68 23521.0 12276.0 vehicle.car
34 69 22965.0 12349.0 vehicle.car
34 70 23281.0 12597.0 vehicle.truck
34 71 23368.0 12598.0 vehicle.truck
34 72 23113.0 12277.0 vehicle.car
34 73 23062.0 12300.0 human.pedestrian.adult
34 74 23457.0 12274.0 vehicle.car
34 75 23329.0 12584.0 vehicle.truck
34 77 23499.0 12558.0 vehicle.car
34 78 23548.0 12279.0 vehicle.car
34 79 23313.0 12184.0 vehicle.truck
34 80 23280.0 12185.0 vehicle.car
34 81 23901.0 12451.0 vehicle.car
34 82 23637.0 12440.0 vehicle.car
34 83 23402.0 12609.0 vehicle.truck
34 84 23793.0 12271.0 vehicle.car
34 85 23341.0 12165.0 vehicle.car
34 86 23277.0 12100.0 vehicle.car
34 87 23771.0 12502.0 vehicle.car
34 88 23918.0 12268.0 vehicle.car
34 89 23635.0 12473.0 vehicle.car
34 90 23604.0 12268.0 vehicle.car
34 91 23657.0 12272.0 vehicle.car
34 92 23575.0 12273.0 vehicle.car
34 93 23636.0 12526.0 vehicle.car
35 0 23342.0 12386.0 vehicle.ego
35 13 22455.0 12301.0 vehicle.truck
35 24 23135.0 12388.0 vehicle.car
35 36 22602.0 12499.0 vehicle.car
35 50 23330.0 12425.0 vehicle.truck
35 54 22870.0 12459.0 human.pedestrian.adult
35 55 23420.0 12275.0 vehicle.car
35 57 23019.0 12285.0 vehicle.car
35 58 23079.0 12286.0 vehicle.car
35 59 23046.0 12286.0 vehicle.car
35 60 23007.0 12485.0 vehicle.car
35 63 22937.0 12468.0 human.pedestrian.adult
35 65 23437.0 12585.0 vehicle.truck
35 68 23521.0 12276.0 vehicle.car
35 69 22925.0 12350.0 vehicle.car
35 70 23281.0 12597.0 vehicle.truck
35 71 23368.0 12598.0 vehicle.truck
35 72 23113.0 12277.0 vehicle.car
35 73 23062.0 12300.0 human.pedestrian.adult
35 74 23457.0 12274.0 vehicle.car
35 75 23329.0 12584.0 vehicle.truck
35 77 23499.0 12558.0 vehicle.car
35 78 23548.0 12279.0 vehicle.car
35 79 23315.0 12183.0 vehicle.truck
35 80 23281.0 12185.0 vehicle.car
35 81 23901.0 12451.0 vehicle.car
35 82 23637.0 12440.0 vehicle.car
35 83 23402.0 12610.0 vehicle.truck
35 84 23793.0 12270.0 vehicle.car
35 85 23341.0 12165.0 vehicle.car
35 86 23277.0 12100.0 vehicle.car
35 87 23771.0 12502.0 vehicle.car
35 88 23918.0 12268.0 vehicle.car
35 89 23634.0 12473.0 vehicle.car
35 90 23604.0 12268.0 vehicle.car
35 91 23656.0 12272.0 vehicle.car
35 92 23575.0 12273.0 vehicle.car
35 93 23636.0 12526.0 vehicle.car
35 94 23816.0 12270.0 vehicle.car
36 0 23381.0 12386.0 vehicle.ego
36 13 22455.0 12301.0 vehicle.truck
36 24 23175.0 12387.0 vehicle.car
36 50 23330.0 12425.0 vehicle.truck
36 55 23420.0 12275.0 vehicle.car
36 57 23019.0 12285.0 vehicle.car
36 58 23079.0 12286.0 vehicle.car
36 59 23046.0 12286.0 vehicle.car
36 63 22940.0 12469.0 human.pedestrian.adult
36 65 23437.0 12585.0 vehicle.truck
36 68 23521.0 12276.0 vehicle.car
36 69 22879.0 12350.0 vehicle.car
36 70 23281.0 12598.0 vehicle.truck
36 71 23368.0 12598.0 vehicle.truck
36 72 23113.0 12276.0 vehicle.car
36 73 23062.0 12300.0 human.pedestrian.adult
36 74 23457.0 12274.0 vehicle.car
36 75 23329.0 12584.0 vehicle.truck
36 77 23499.0 12558.0 vehicle.car
36 78 23548.0 12279.0 vehicle.car
36 79 23315.0 12184.0 vehicle.truck
36 80 23281.0 12185.0 vehicle.car
36 81 23901.0 12451.0 vehicle.car
36 82 23637.0 12440.0 vehicle.car
36 83 23402.0 12610.0 vehicle.truck
36 84 23791.0 12275.0 vehicle.car
36 85 23341.0 12165.0 vehicle.car
36 87 23771.0 12502.0 vehicle.car
36 88 23918.0 12269.0 vehicle.car
36 89 23634.0 12474.0 vehicle.car
36 90 23604.0 12268.0 vehicle.car
36 91 23656.0 12271.0 vehicle.car
36 92 23575.0 12273.0 vehicle.car
36 93 23636.0 12526.0 vehicle.car
36 94 23816.0 12272.0 vehicle.car
36 95 23632.0 12267.0 vehicle.car
37 0 23421.0 12385.0 vehicle.ego
37 13 22455.0 12301.0 vehicle.truck
37 24 23217.0 12386.0 vehicle.car
37 50 23330.0 12425.0 vehicle.truck
37 55 23420.0 12276.0 vehicle.car
37 58 23079.0 12287.0 vehicle.car
37 59 23045.0 12286.0 vehicle.car
37 63 22943.0 12470.0 human.pedestrian.adult
37 65 23437.0 12585.0 vehicle.truck
37 68 23521.0 12276.0 vehicle.car
37 70 23281.0 12598.0 vehicle.truck
37 71 23368.0 12598.0 vehicle.truck
37 72 23113.0 12276.0 vehicle.car
37 74 23457.0 12274.0 vehicle.car
37 75 23329.0 12584.0 vehicle.truck
37 77 23499.0 12558.0 vehicle.car
37 78 23548.0 12279.0 vehicle.car
37 79 23315.0 12184.0 vehicle.truck
37 80 23281.0 12185.0 vehicle.car
37 81 23901.0 12451.0 vehicle.car
37 82 23637.0 12440.0 vehicle.car
37 83 23402.0 12609.0 vehicle.truck
37 84 23791.0 12273.0 vehicle.car
37 85 23341.0 12165.0 vehicle.car
37 87 23771.0 12502.0 vehicle.car
37 88 23918.0 12268.0 vehicle.car
37 89 23633.0 12474.0 vehicle.car
37 90 23604.0 12268.0 vehicle.car
37 91 23656.0 12271.0 vehicle.car
37 92 23575.0 12273.0 vehicle.car
37 93 23636.0 12526.0 vehicle.car
37 94 23816.0 12274.0 vehicle.car
37 95 23632.0 12267.0 vehicle.car
38 0 23463.0 12384.0 vehicle.ego
38 13 22455.0 12301.0 vehicle.truck
38 24 23261.0 12384.0 vehicle.car
38 50 23330.0 12425.0 vehicle.truck
38 55 23420.0 12276.0 vehicle.car
38 58 23078.0 12286.0 vehicle.car
38 59 23046.0 12285.0 vehicle.car
38 65 23437.0 12585.0 vehicle.truck
38 68 23521.0 12276.0 vehicle.car
38 70 23281.0 12598.0 vehicle.truck
38 71 23368.0 12598.0 vehicle.truck
38 72 23113.0 12275.0 vehicle.car
38 74 23457.0 12274.0 vehicle.car
38 75 23329.0 12584.0 vehicle.truck
38 77 23499.0 12558.0 vehicle.car
38 78 23548.0 12279.0 vehicle.car
38 79 23315.0 12185.0 vehicle.truck
38 80 23282.0 12185.0 vehicle.car
38 81 23901.0 12451.0 vehicle.car
38 82 23637.0 12440.0 vehicle.car
38 83 23402.0 12609.0 vehicle.truck
38 84 23791.0 12271.0 vehicle.car
38 85 23341.0 12164.0 vehicle.car
38 87 23770.0 12502.0 vehicle.car
38 88 23918.0 12267.0 vehicle.car
38 89 23632.0 12474.0 vehicle.car
38 90 23604.0 12268.0 vehicle.car
38 91 23656.0 12271.0 vehicle.car
38 92 23576.0 12273.0 vehicle.car
38 93 23636.0 12526.0 vehicle.car
38 94 23816.0 12276.0 vehicle.car
38 95 23632.0 12267.0 vehicle.car
39 0 23511.0 12383.0 vehicle.ego
39 24 23304.0 12383.0 vehicle.car
39 50 23329.0 12425.0 vehicle.truck
39 55 23421.0 12276.0 vehicle.car
39 58 23078.0 12285.0 vehicle.car
39 59 23046.0 12285.0 vehicle.car
39 65 23437.0 12585.0 vehicle.truck
39 68 23521.0 12276.0 vehicle.car
39 70 23281.0 12598.0 vehicle.truck
39 71 23368.0 12598.0 vehicle.truck
39 72 23113.0 12275.0 vehicle.car
39 74 23457.0 12274.0 vehicle.car
39 75 23329.0 12584.0 vehicle.truck
39 77 23499.0 12558.0 vehicle.car
39 78 23548.0 12279.0 vehicle.car
39 79 23315.0 12186.0 vehicle.truck
39 80 23282.0 12185.0 vehicle.car
39 81 23901.0 12451.0 vehicle.car
39 82 23637.0 12440.0 vehicle.car
39 83 23403.0 12608.0 vehicle.truck
39 84 23791.0 12275.0 vehicle.car
39 85 23341.0 12164.0 vehicle.car
39 87 23771.0 12500.0 vehicle.car
39 88 23918.0 12267.0 vehicle.car
39 89 23633.0 12474.0 vehicle.car
39 90 23604.0 12268.0 vehicle.car
39 91 23657.0 12272.0 vehicle.car
39 92 23576.0 12273.0 vehicle.car
39 93 23636.0 12526.0 vehicle.car
39 94 23816.0 12278.0 vehicle.car
39 95 23632.0 12267.0 vehicle.car
