0 0 24413.0 12777.0 vehicle.ego
0 1 24207.0 13033.0 vehicle.car
0 2 24143.0 12611.0 vehicle.car
0 3 24064.0 12616.0 vehicle.car
0 4 24202.0 12758.0 vehicle.car
0 5 24171.0 12261.0 vehicle.car
0 6 24340.0 12999.0 vehicle.truck
0 7 24443.0 12256.0 vehicle.car
0 8 24194.0 12734.0 vehicle.car
0 9 24337.0 12944.0 vehicle.car
0 10 24303.0 12260.0 vehicle.emergency.ambulance
0 11 24257.0 12548.0 vehicle.car
0 12 24394.0 12629.0 vehicle.car
0 13 24275.0 12261.0 vehicle.car
1 0 24412.0 12809.0 vehicle.ego
1 1 24207.0 13033.0 vehicle.car
1 2 24143.0 12611.0 vehicle.car
1 3 24064.0 12614.0 vehicle.car
1 4 24202.0 12758.0 vehicle.car
1 5 24172.0 12258.0 vehicle.car
1 6 24340.0 12999.0 vehicle.truck
1 7 24443.0 12256.0 vehicle.car
1 8 24194.0 12734.0 vehicle.car
1 9 24337.0 12943.0 vehicle.car
1 10 24304.0 12260.0 vehicle.emergency.ambulance
1 11 24258.0 12547.0 vehicle.car
1 12 24401.0 12659.0 vehicle.car
1 13 24275.0 12261.0 vehicle.car
1 14 24197.0 12259.0 vehicle.car
1 15 24415.0 12249.0 vehicle.truck
2 0 24411.0 12841.0 vehicle.ego
2 1 24207.0 13033.0 vehicle.car
2 2 24143.0 12611.0 vehicle.car
2 3 24064.0 12613.0 vehicle.car
2 4 24202.0 12758.0 vehicle.car
2 6 24340.0 12999.0 vehicle.truck
2 7 24444.0 12256.0 vehicle.car
2 8 24193.0 12734.0 vehicle.car
2 9 24337.0 12943.0 vehicle.car
2 10 24304.0 12260.0 vehicle.emergency.ambulance
2 11 24258.0 12547.0 vehicle.car
2 12 24406.0 12691.0 vehicle.car
2 13 24275.0 12262.0 vehicle.car
2 15 24415.0 12252.0 vehicle.truck
2 16 24331.0 12257.0 vehicle.car
2 17 24633.0 13244.0 vehicle.car
3 0 24410.0 12872.0 vehicle.ego
3 1 24207.0 13032.0 vehicle.car
3 2 24143.0 12611.0 vehicle.car
3 3 24064.0 12612.0 vehicle.car
3 4 24201.0 12757.0 vehicle.car
3 6 24340.0 12999.0 vehicle.truck
3 7 24444.0 12256.0 vehicle.car
3 8 24193.0 12734.0 vehicle.car
3 9 24337.0 12943.0 vehicle.car
3 10 24305.0 12260.0 vehicle.emergency.ambulance
3 11 24258.0 12547.0 vehicle.car
3 12 24407.0 12722.0 vehicle.car
3 13 24275.0 12262.0 vehicle.car
3 15 24415.0 12256.0 vehicle.truck
3 16 24331.0 12257.0 vehicle.car
3 17 24633.0 13244.0 vehicle.car
4 0 24410.0 12904.0 vehicle.ego
4 1 24207.0 13032.0 vehicle.car
4 2 24143.0 12611.0 vehicle.car
4 4 24201.0 12757.0 vehicle.car
4 6 24340.0 12999.0 vehicle.truck
4 7 24444.0 12256.0 vehicle.car
4 8 24193.0 12734.0 vehicle.car
4 9 24337.0 12943.0 vehicle.car
4 10 24305.0 12260.0 vehicle.emergency.ambulance
4 11 24258.0 12547.0 vehicle.car
4 12 24408.0 12752.0 vehicle.car
4 13 24275.0 12262.0 vehicle.car
4 15 24415.0 12260.0 vehicle.truck
4 16 24331.0 12257.0 vehicle.car
4 17 24633.0 13244.0 vehicle.car
5 0 24410.0 12935.0 vehicle.ego
5 1 24207.0 13032.0 vehicle.car
5 2 24143.0 12612.0 vehicle.car
5 4 24201.0 12757.0 vehicle.car
5 6 24339.0 12999.0 vehicle.truck
5 7 24444.0 12256.0 vehicle.car
5 8 24192.0 12734.0 vehicle.car
5 9 24337.0 12944.0 vehicle.car
5 10 24305.0 12260.0 vehicle.emergency.ambulance
5 11 24258.0 12547.0 vehicle.car
5 12 24408.0 12782.0 vehicle.car
5 13 24275.0 12262.0 vehicle.car
5 15 24415.0 12263.0 vehicle.truck
5 16 24330.0 12257.0 vehicle.car
5 17 24633.0 13244.0 vehicle.car
5 18 24313.0 13522.0 vehicle.car
5 19 24337.0 13025.0 vehicle.motorcycle
6 0 24411.0 12964.0 vehicle.ego
6 1 24207.0 13032.0 vehicle.car
6 2 24143.0 12612.0 vehicle.car
6 4 24201.0 12757.0 vehicle.car
6 6 24339.0 12999.0 vehicle.truck
6 7 24443.0 12256.0 vehicle.car
6 8 24192.0 12734.0 vehicle.car
6 9 24337.0 12944.0 vehicle.car
6 10 24304.0 12260.0 vehicle.emergency.ambulance
6 11 24257.0 12548.0 vehicle.car
6 12 24408.0 12812.0 vehicle.car
6 13 24275.0 12262.0 vehicle.car
6 15 24414.0 12264.0 vehicle.truck
6 16 24330.0 12257.0 vehicle.car
6 17 24633.0 13244.0 vehicle.car
6 18 24313.0 13521.0 vehicle.car
6 19 24337.0 13025.0 vehicle.motorcycle
6 20 24256.0 13088.0 vehicle.motorcycle
7 0 24411.0 12993.0 vehicle.ego
7 1 24207.0 13032.0 vehicle.car
7 4 24201.0 12757.0 vehicle.car
7 6 24339.0 12999.0 vehicle.truck
7 7 24443.0 12256.0 vehicle.car
7 8 24192.0 12734.0 vehicle.car
7 9 24336.0 12945.0 vehicle.car
7 10 24303.0 12260.0 vehicle.emergency.ambulance
7 11 24258.0 12547.0 vehicle.car
7 12 24408.0 12841.0 vehicle.car
7 13 24275.0 12262.0 vehicle.car
7 15 24413.0 12264.0 vehicle.truck
7 16 24330.0 12258.0 vehicle.car
7 17 24634.0 13243.0 vehicle.car
7 18 24313.0 13521.0 vehicle.car
7 19 24337.0 13025.0 vehicle.motorcycle
7 20 24256.0 13088.0 vehicle.motorcycle
8 0 24411.0 13021.0 vehicle.ego
8 1 24207.0 13032.0 vehicle.car
8 4 24201.0 12757.0 vehicle.car
8 6 24339.0 12999.0 vehicle.truck
8 9 24336.0 12945.0 vehicle.car
8 10 24303.0 12260.0 vehicle.emergency.ambulance
8 12 24408.0 12870.0 vehicle.car
8 15 24412.0 12264.0 vehicle.truck
8 16 24329.0 12258.0 vehicle.car
8 17 24633.0 13243.0 vehicle.car
8 18 24313.0 13521.0 vehicle.car
8 19 24335.0 13026.0 vehicle.motorcycle
8 20 24256.0 13088.0 vehicle.motorcycle
8 21 24618.0 13098.0 vehicle.car
8 22 24112.0 13295.0 vehicle.car
9 0 24409.0 13046.0 vehicle.ego
9 1 24206.0 13032.0 vehicle.car
9 4 24200.0 12757.0 vehicle.car
9 6 24339.0 12999.0 vehicle.truck
9 9 24336.0 12946.0 vehicle.car
9 10 24303.0 12260.0 vehicle.emergency.ambulance
9 12 24408.0 12896.0 vehicle.car
9 15 24413.0 12264.0 vehicle.truck
9 16 24329.0 12258.0 vehicle.car
9 17 24632.0 13242.0 vehicle.car
9 18 24313.0 13521.0 vehicle.car
9 19 24335.0 13026.0 vehicle.motorcycle
9 20 24256.0 13088.0 vehicle.motorcycle
9 21 24617.0 13097.0 vehicle.car
9 22 24111.0 13294.0 vehicle.car
9 23 24357.0 12253.0 vehicle.car
9 24 24054.0 13294.0 vehicle.car
9 25 24803.0 13221.0 vehicle.car
10 0 24404.0 13071.0 vehicle.ego
10 1 24206.0 13033.0 vehicle.car
10 4 24200.0 12757.0 vehicle.car
10 6 24339.0 12999.0 vehicle.truck
10 9 24336.0 12946.0 vehicle.car
10 10 24303.0 12260.0 vehicle.emergency.ambulance
10 12 24408.0 12923.0 vehicle.car
10 15 24413.0 12263.0 vehicle.truck
10 16 24329.0 12258.0 vehicle.car
10 17 24633.0 13243.0 vehicle.car
10 18 24313.0 13522.0 vehicle.car
10 19 24335.0 13026.0 vehicle.motorcycle
10 20 24256.0 13088.0 vehicle.motorcycle
10 21 24617.0 13096.0 vehicle.car
10 22 24111.0 13294.0 vehicle.car
10 23 24357.0 12252.0 vehicle.car
10 24 24054.0 13295.0 vehicle.car
10 25 24804.0 13219.0 vehicle.car
10 26 23973.0 13305.0 vehicle.car
11 0 24398.0 13095.0 vehicle.ego
11 1 24206.0 13033.0 vehicle.car
11 4 24200.0 12757.0 vehicle.car
11 6 24339.0 12999.0 vehicle.truck
11 9 24336.0 12947.0 vehicle.car
11 10 24303.0 12260.0 vehicle.emergency.ambulance
11 12 24408.0 12950.0 vehicle.car
11 15 24413.0 12263.0 vehicle.truck
11 16 24329.0 12258.0 vehicle.car
11 17 24633.0 13243.0 vehicle.car
11 18 24313.0 13522.0 vehicle.car
11 19 24335.0 13026.0 vehicle.motorcycle
11 20 24256.0 13088.0 vehicle.motorcycle
11 21 24617.0 13097.0 vehicle.car
11 22 24111.0 13293.0 vehicle.car
11 23 24357.0 12252.0 vehicle.car
11 24 24054.0 13296.0 vehicle.car
11 25 24804.0 13218.0 vehicle.car
11 26 23973.0 13305.0 vehicle.car
11 27 23694.0 13309.0 vehicle.car
11 28 23834.0 13306.0 vehicle.car
11 29 24085.0 13298.0 vehicle.car
11 30 24679.0 13092.0 vehicle.truck
11 31 23781.0 13306.0 vehicle.car
12 0 24389.0 13118.0 vehicle.ego
12 1 24205.0 13033.0 vehicle.car
12 4 24199.0 12757.0 vehicle.car
12 6 24339.0 12999.0 vehicle.truck
12 9 24336.0 12947.0 vehicle.car
12 10 24303.0 12260.0 vehicle.emergency.ambulance
12 12 24407.0 12975.0 vehicle.car
12 17 24633.0 13243.0 vehicle.car
12 18 24312.0 13522.0 vehicle.car
12 19 24335.0 13026.0 vehicle.motorcycle
12 20 24256.0 13088.0 vehicle.motorcycle
12 21 24617.0 13097.0 vehicle.car
12 22 24111.0 13293.0 vehicle.car
12 24 24054.0 13297.0 vehicle.car
12 25 24804.0 13216.0 vehicle.car
12 26 23973.0 13305.0 vehicle.car
12 27 23694.0 13308.0 vehicle.car
12 28 23835.0 13306.0 vehicle.car
12 29 24085.0 13298.0 vehicle.car
12 30 24679.0 13093.0 vehicle.truck
12 31 23781.0 13308.0 vehicle.car
12 32 23939.0 13301.0 vehicle.car
13 0 24377.0 13140.0 vehicle.ego
13 1 24205.0 13034.0 vehicle.car
13 4 24199.0 12757.0 vehicle.car
13 6 24339.0 12999.0 vehicle.truck
13 9 24336.0 12948.0 vehicle.car
13 10 24303.0 12260.0 vehicle.emergency.ambulance
13 12 24407.0 13000.0 vehicle.car
13 17 24633.0 13243.0 vehicle.car
13 18 24313.0 13522.0 vehicle.car
13 19 24336.0 13025.0 vehicle.motorcycle
13 20 24256.0 13088.0 vehicle.motorcycle
13 21 24617.0 13097.0 vehicle.car
13 22 24111.0 13294.0 vehicle.car
13 24 24054.0 13298.0 vehicle.car
13 25 24804.0 13216.0 vehicle.car
13 26 23973.0 13305.0 vehicle.car
13 27 23693.0 13307.0 vehicle.car
13 28 23835.0 13307.0 vehicle.car
13 29 24085.0 13298.0 vehicle.car
13 30 24679.0 13093.0 vehicle.truck
13 31 23781.0 13309.0 vehicle.car
13 32 23942.0 13301.0 vehicle.car
14 0 24362.0 13161.0 vehicle.ego
14 1 24205.0 13034.0 vehicle.car
14 4 24199.0 12757.0 vehicle.car
14 6 24339.0 12999.0 vehicle.truck
14 9 24336.0 12947.0 vehicle.car
14 10 24302.0 12260.0 vehicle.emergency.ambulance
14 12 24407.0 13022.0 vehicle.car
14 17 24633.0 13243.0 vehicle.car
14 18 24313.0 13522.0 vehicle.car
14 19 24336.0 13026.0 vehicle.motorcycle
14 20 24256.0 13088.0 vehicle.motorcycle
14 21 24618.0 13098.0 vehicle.car
14 22 24111.0 13294.0 vehicle.car
14 24 24054.0 13298.0 vehicle.car
14 25 24804.0 13215.0 vehicle.car
14 26 23973.0 13305.0 vehicle.car
14 27 23694.0 13308.0 vehicle.car
14 28 23835.0 13307.0 vehicle.car
14 29 24085.0 13299.0 vehicle.car
14 30 24679.0 13093.0 vehicle.truck
14 31 23781.0 13307.0 vehicle.car
14 32 23944.0 13301.0 vehicle.car
14 33 24029.0 13131.0 vehicle.car
15 0 24343.0 13181.0 vehicle.ego
15 1 24205.0 13034.0 vehicle.car
15 4 24198.0 12757.0 vehicle.car
15 6 24339.0 12999.0 vehicle.truck
15 9 24336.0 12946.0 vehicle.car
15 10 24300.0 12260.0 vehicle.emergency.ambulance
15 12 24405.0 13044.0 vehicle.car
15 17 24633.0 13243.0 vehicle.car
15 18 24313.0 13522.0 vehicle.car
15 19 24337.0 13026.0 vehicle.motorcycle
15 20 24255.0 13088.0 vehicle.motorcycle
15 21 24618.0 13099.0 vehicle.car
15 22 24111.0 13294.0 vehicle.car
15 24 24054.0 13299.0 vehicle.car
15 25 24804.0 13215.0 vehicle.car
15 26 23973.0 13305.0 vehicle.car
15 27 23694.0 13308.0 vehicle.car
15 28 23835.0 13307.0 vehicle.car
15 29 24085.0 13299.0 vehicle.car
15 30 24679.0 13093.0 vehicle.truck
15 31 23781.0 13306.0 vehicle.car
15 32 23946.0 13301.0 vehicle.car
15 33 24029.0 13131.0 vehicle.car
15 34 23333.0 13152.0 vehicle.truck
16 0 24321.0 13199.0 vehicle.ego
16 1 24205.0 13035.0 vehicle.car
16 4 24198.0 12757.0 vehicle.car
16 6 24339.0 12999.0 vehicle.truck
16 9 24336.0 12946.0 vehicle.car
16 10 24299.0 12260.0 vehicle.emergency.ambulance
16 12 24402.0 13065.0 vehicle.car
16 17 24633.0 13242.0 vehicle.car
16 18 24312.0 13522.0 vehicle.car
16 19 24337.0 13026.0 vehicle.motorcycle
16 20 24255.0 13088.0 vehicle.motorcycle
16 21 24618.0 13098.0 vehicle.car
16 22 24111.0 13295.0 vehicle.car
16 24 24054.0 13300.0 vehicle.car
16 25 24799.0 13217.0 vehicle.car
16 26 23973.0 13305.0 vehicle.car
16 27 23694.0 13309.0 vehicle.car
16 28 23835.0 13308.0 vehicle.car
16 29 24085.0 13299.0 vehicle.car
16 30 24679.0 13093.0 vehicle.truck
16 31 23781.0 13306.0 vehicle.car
16 32 23946.0 13303.0 vehicle.car
16 33 24030.0 13132.0 vehicle.car
16 34 23333.0 13153.0 vehicle.truck
17 0 24295.0 13215.0 vehicle.ego
17 1 24205.0 13035.0 vehicle.car
17 4 24198.0 12758.0 vehicle.car
17 6 24339.0 12999.0 vehicle.truck
17 9 24336.0 12945.0 vehicle.car
17 10 24297.0 12260.0 vehicle.emergency.ambulance
17 12 24396.0 13087.0 vehicle.car
17 17 24633.0 13242.0 vehicle.car
17 18 24314.0 13523.0 vehicle.car
17 19 24337.0 13026.0 vehicle.motorcycle
17 20 24254.0 13088.0 vehicle.motorcycle
17 21 24618.0 13098.0 vehicle.car
17 22 24111.0 13295.0 vehicle.car
17 24 24053.0 13299.0 vehicle.car
17 26 23973.0 13305.0 vehicle.car
17 27 23693.0 13310.0 vehicle.car
17 28 23835.0 13308.0 vehicle.car
17 29 24085.0 13298.0 vehicle.car
17 31 23781.0 13307.0 vehicle.car
17 32 23946.0 13305.0 vehicle.car
17 33 24030.0 13132.0 vehicle.car
17 34 23333.0 13154.0 vehicle.truck
18 0 24267.0 13227.0 vehicle.ego
18 1 24205.0 13035.0 vehicle.car
18 6 24339.0 12999.0 vehicle.truck
18 9 24336.0 12945.0 vehicle.car
18 10 24296.0 12260.0 vehicle.emergency.ambulance
18 12 24388.0 13108.0 vehicle.car
18 17 24634.0 13241.0 vehicle.car
18 18 24313.0 13521.0 vehicle.car
18 19 24338.0 13026.0 vehicle.motorcycle
18 20 24254.0 13088.0 vehicle.motorcycle
18 21 24618.0 13097.0 vehicle.car
18 22 24111.0 13294.0 vehicle.car
18 24 24053.0 13298.0 vehicle.car
18 26 23973.0 13306.0 vehicle.car
18 27 23693.0 13311.0 vehicle.car
18 28 23835.0 13309.0 vehicle.car
18 29 24085.0 13298.0 vehicle.car
18 31 23781.0 13309.0 vehicle.car
18 32 23946.0 13304.0 vehicle.car
18 33 24030.0 13132.0 vehicle.car
18 34 23333.0 13162.0 vehicle.truck
18 35 23470.0 13319.0 vehicle.truck
19 0 24237.0 13235.0 vehicle.ego
19 6 24339.0 12999.0 vehicle.truck
19 9 24336.0 12944.0 vehicle.car
19 12 24376.0 13128.0 vehicle.car
19 17 24634.0 13240.0 vehicle.car
19 18 24313.0 13521.0 vehicle.car
19 19 24338.0 13026.0 vehicle.motorcycle
19 20 24254.0 13088.0 vehicle.motorcycle
19 21 24618.0 13097.0 vehicle.car
19 22 24111.0 13294.0 vehicle.car
19 24 24053.0 13298.0 vehicle.car
19 26 23973.0 13305.0 vehicle.car
19 27 23693.0 13312.0 vehicle.car
19 28 23835.0 13308.0 vehicle.car
19 29 24084.0 13298.0 vehicle.car
19 31 23781.0 13311.0 vehicle.car
19 32 23947.0 13303.0 vehicle.car
19 33 24030.0 13132.0 vehicle.car
19 34 23333.0 13160.0 vehicle.truck
19 35 23471.0 13319.0 vehicle.truck
20 0 24207.0 13239.0 vehicle.ego
20 6 24339.0 12999.0 vehicle.truck
20 9 24336.0 12944.0 vehicle.car
20 12 24361.0 13147.0 vehicle.car
20 17 24635.0 13241.0 vehicle.car
20 18 24313.0 13521.0 vehicle.car
20 20 24253.0 13087.0 vehicle.motorcycle
20 21 24618.0 13097.0 vehicle.car
20 22 24111.0 13294.0 vehicle.car
20 24 24053.0 13297.0 vehicle.car
20 26 23973.0 13304.0 vehicle.car
20 27 23693.0 13311.0 vehicle.car
20 28 23835.0 13306.0 vehicle.car
20 29 24084.0 13297.0 vehicle.car
20 31 23781.0 13310.0 vehicle.car
20 32 23947.0 13301.0 vehicle.car
20 33 24031.0 13131.0 vehicle.car
20 34 23333.0 13158.0 vehicle.truck
20 35 23471.0 13319.0 vehicle.truck
21 0 24176.0 13241.0 vehicle.ego
21 6 24339.0 12999.0 vehicle.truck
21 12 24344.0 13165.0 vehicle.car
21 17 24636.0 13241.0 vehicle.car
21 18 24313.0 13521.0 vehicle.car
21 21 24618.0 13097.0 vehicle.car
21 22 24111.0 13293.0 vehicle.car
21 24 24053.0 13296.0 vehicle.car
21 26 23974.0 13304.0 vehicle.car
21 27 23693.0 13310.0 vehicle.car
21 28 23835.0 13305.0 vehicle.car
21 29 24084.0 13297.0 vehicle.car
21 31 23781.0 13309.0 vehicle.car
21 32 23947.0 13299.0 vehicle.car
21 33 24031.0 13131.0 vehicle.car
21 34 23333.0 13156.0 vehicle.truck
21 35 23472.0 13318.0 vehicle.truck
22 0 24143.0 13241.0 vehicle.ego
22 12 24326.0 13181.0 vehicle.car
22 17 24637.0 13241.0 vehicle.car
22 18 24313.0 13521.0 vehicle.car
22 21 24618.0 13097.0 vehicle.car
22 22 24111.0 13293.0 vehicle.car
22 24 24053.0 13296.0 vehicle.car
22 26 23974.0 13304.0 vehicle.car
22 27 23692.0 13309.0 vehicle.car
22 28 23835.0 13305.0 vehicle.car
22 29 24084.0 13297.0 vehicle.car
22 31 23781.0 13308.0 vehicle.car
22 32 23947.0 13299.0 vehicle.car
22 33 24031.0 13131.0 vehicle.car
22 34 23333.0 13157.0 vehicle.truck
22 35 23472.0 13319.0 vehicle.truck
22 36 23486.0 13140.0 vehicle.car
23 0 24107.0 13240.0 vehicle.ego
23 12 24303.0 13196.0 vehicle.car
23 17 24638.0 13241.0 vehicle.car
23 21 24617.0 13097.0 vehicle.car
23 22 24111.0 13293.0 vehicle.car
23 24 24054.0 13296.0 vehicle.car
23 26 23974.0 13304.0 vehicle.car
23 27 23693.0 13308.0 vehicle.car
23 28 23835.0 13305.0 vehicle.car
23 29 24085.0 13297.0 vehicle.car
23 31 23780.0 13307.0 vehicle.car
23 32 23947.0 13299.0 vehicle.car
23 33 24031.0 13131.0 vehicle.car
23 34 23333.0 13157.0 vehicle.truck
23 35 23471.0 13319.0 vehicle.truck
23 36 23486.0 13140.0 vehicle.car
23 37 23526.0 13321.0 vehicle.car
24 0 24068.0 13239.0 vehicle.ego
24 12 24279.0 13209.0 vehicle.car
24 21 24617.0 13097.0 vehicle.car
24 22 24111.0 13293.0 vehicle.car
24 24 24054.0 13297.0 vehicle.car
24 26 23975.0 13305.0 vehicle.car
24 27 23693.0 13308.0 vehicle.car
24 28 23835.0 13305.0 vehicle.car
24 29 24084.0 13297.0 vehicle.car
24 31 23780.0 13307.0 vehicle.car
24 32 23948.0 13299.0 vehicle.car
24 33 24031.0 13131.0 vehicle.car
24 34 23332.0 13157.0 vehicle.truck
24 35 23471.0 13320.0 vehicle.truck
24 36 23486.0 13140.0 vehicle.car
24 37 23526.0 13320.0 vehicle.car
24 38 23635.0 13319.0 vehicle.car
25 0 24028.0 13239.0 vehicle.ego
25 12 24253.0 13219.0 vehicle.car
25 21 24617.0 13097.0 vehicle.car
25 22 24111.0 13294.0 vehicle.car
25 24 24055.0 13297.0 vehicle.car
25 26 23975.0 13305.0 vehicle.car
25 27 23693.0 13308.0 vehicle.car
25 28 23835.0 13308.0 vehicle.car
25 29 24084.0 13297.0 vehicle.car
25 31 23780.0 13306.0 vehicle.car
25 32 23948.0 13299.0 vehicle.car
25 33 24031.0 13131.0 vehicle.car
25 34 23333.0 13157.0 vehicle.truck
25 35 23471.0 13320.0 vehicle.truck
25 36 23486.0 13140.0 vehicle.car
25 37 23527.0 13318.0 vehicle.car
25 38 23635.0 13318.0 vehicle.car
26 0 23984.0 13240.0 vehicle.ego
26 12 24227.0 13225.0 vehicle.car
26 21 24617.0 13097.0 vehicle.car
26 22 24111.0 13294.0 vehicle.car
26 24 24054.0 13297.0 vehicle.car
26 26 23975.0 13304.0 vehicle.car
26 27 23693.0 13308.0 vehicle.car
26 28 23835.0 13307.0 vehicle.car
26 29 24084.0 13297.0 vehicle.car
26 31 23780.0 13305.0 vehicle.car
26 32 23948.0 13299.0 vehicle.car
26 33 24031.0 13131.0 vehicle.car
26 34 23333.0 13158.0 vehicle.truck
26 35 23471.0 13319.0 vehicle.truck
26 36 23486.0 13140.0 vehicle.car
26 37 23527.0 13318.0 vehicle.car
26 38 23635.0 13317.0 vehicle.car
26 39 23498.0 13325.0 vehicle.car
27 0 23940.0 13241.0 vehicle.ego
27 12 24190.0 13230.0 vehicle.car
27 21 24617.0 13097.0 vehicle.car
27 22 24111.0 13294.0 vehicle.car
27 24 24054.0 13296.0 vehicle.car
27 26 23975.0 13303.0 vehicle.car
27 27 23693.0 13307.0 vehicle.car
27 28 23835.0 13306.0 vehicle.car
27 29 24084.0 13296.0 vehicle.car
27 31 23780.0 13305.0 vehicle.car
27 32 23948.0 13299.0 vehicle.car
27 33 24031.0 13130.0 vehicle.car
27 34 23333.0 13158.0 vehicle.truck
27 35 23471.0 13319.0 vehicle.truck
27 36 23486.0 13140.0 vehicle.car
27 37 23527.0 13318.0 vehicle.car
27 38 23635.0 13316.0 vehicle.car
27 39 23498.0 13323.0 vehicle.car
27 40 23662.0 13317.0 vehicle.car
28 0 23886.0 13242.0 vehicle.ego
28 12 24153.0 13233.0 vehicle.car
28 21 24617.0 13097.0 vehicle.car
28 22 24111.0 13294.0 vehicle.car
28 24 24054.0 13296.0 vehicle.car
28 26 23975.0 13303.0 vehicle.car
28 27 23693.0 13307.0 vehicle.car
28 28 23835.0 13305.0 vehicle.car
28 29 24084.0 13297.0 vehicle.car
28 31 23780.0 13305.0 vehicle.car
28 32 23947.0 13299.0 vehicle.car
28 33 24030.0 13130.0 vehicle.car
28 34 23332.0 13157.0 vehicle.truck
28 35 23471.0 13319.0 vehicle.truck
28 36 23486.0 13140.0 vehicle.car
28 37 23528.0 13317.0 vehicle.car
28 38 23635.0 13316.0 vehicle.car
28 39 23498.0 13320.0 vehicle.car
28 40 23662.0 13314.0 vehicle.car
29 0 23840.0 13244.0 vehicle.ego
29 12 24116.0 13235.0 vehicle.car
29 21 24617.0 13097.0 vehicle.car
29 22 24111.0 13294.0 vehicle.car
29 24 24054.0 13296.0 vehicle.car
29 26 23975.0 13303.0 vehicle.car
29 27 23694.0 13307.0 vehicle.car
29 28 23834.0 13305.0 vehicle.car
29 29 24084.0 13298.0 vehicle.car
29 31 23779.0 13305.0 vehicle.car
29 32 23947.0 13299.0 vehicle.car
29 33 24030.0 13130.0 vehicle.car
29 34 23332.0 13155.0 vehicle.truck
29 35 23471.0 13316.0 vehicle.truck
29 36 23486.0 13140.0 vehicle.car
29 37 23527.0 13317.0 vehicle.car
29 38 23635.0 13315.0 vehicle.car
29 39 23498.0 13320.0 vehicle.car
29 40 23662.0 13314.0 vehicle.car
29 41 23248.0 13325.0 vehicle.car
29 42 22835.0 13336.0 vehicle.car
29 43 23334.0 13316.0 vehicle.car
30 0 23794.0 13245.0 vehicle.ego
30 12 24078.0 13237.0 vehicle.car
30 21 24617.0 13097.0 vehicle.car
30 22 24111.0 13294.0 vehicle.car
30 24 24053.0 13296.0 vehicle.car
30 26 23975.0 13303.0 vehicle.car
30 27 23694.0 13307.0 vehicle.car
30 28 23833.0 13305.0 vehicle.car
30 31 23778.0 13305.0 vehicle.car
30 32 23946.0 13299.0 vehicle.car
30 33 24030.0 13130.0 vehicle.car
30 34 23332.0 13155.0 vehicle.truck
30 35 23471.0 13313.0 vehicle.truck
30 36 23486.0 13139.0 vehicle.car
30 37 23527.0 13317.0 vehicle.car
30 38 23635.0 13314.0 vehicle.car
30 39 23498.0 13320.0 vehicle.car
30 40 23662.0 13313.0 vehicle.car
30 41 23248.0 13326.0 vehicle.car
30 42 22835.0 13335.0 vehicle.car
30 43 23335.0 13315.0 vehicle.car
31 0 23749.0 13245.0 vehicle.ego
31 12 24034.0 13238.0 vehicle.car
31 22 24111.0 13295.0 vehicle.car
31 24 24053.0 13297.0 vehicle.car
31 26 23975.0 13303.0 vehicle.car
31 27 23694.0 13306.0 vehicle.car
31 28 23833.0 13305.0 vehicle.car
31 31 23778.0 13305.0 vehicle.car
31 32 23947.0 13300.0 vehicle.car
31 33 24030.0 13131.0 vehicle.car
31 34 23333.0 13155.0 vehicle.truck
31 35 23471.0 13313.0 vehicle.truck
31 36 23486.0 13139.0 vehicle.car
31 37 23527.0 13317.0 vehicle.car
31 38 23635.0 13314.0 vehicle.car
31 39 23498.0 13319.0 vehicle.car
31 40 23662.0 13313.0 vehicle.car
31 41 23248.0 13326.0 vehicle.car
31 42 22835.0 13334.0 vehicle.car
31 43 23335.0 13314.0 vehicle.car
32 0 23704.0 13246.0 vehicle.ego
32 12 23989.0 13239.0 vehicle.car
32 22 24111.0 13295.0 vehicle.car
32 24 24053.0 13297.0 vehicle.car
32 26 23976.0 13303.0 vehicle.car
32 27 23694.0 13306.0 vehicle.car
32 28 23833.0 13306.0 vehicle.car
32 31 23778.0 13305.0 vehicle.car
32 32 23947.0 13300.0 vehicle.car
32 33 24030.0 13131.0 vehicle.car
32 34 23333.0 13155.0 vehicle.truck
32 35 23471.0 13313.0 vehicle.truck
32 36 23486.0 13139.0 vehicle.car
32 37 23527.0 13317.0 vehicle.car
32 38 23635.0 13313.0 vehicle.car
32 39 23498.0 13319.0 vehicle.car
32 40 23662.0 13313.0 vehicle.car
32 41 23247.0 13326.0 vehicle.car
32 42 22835.0 13333.0 vehicle.car
32 43 23335.0 13313.0 vehicle.car
32 44 23360.0 13320.0 vehicle.car
33 0 23659.0 13247.0 vehicle.ego
33 12 23945.0 13240.0 vehicle.car
33 22 24111.0 13295.0 vehicle.car
33 24 24053.0 13297.0 vehicle.car
33 27 23693.0 13306.0 vehicle.car
33 28 23833.0 13306.0 vehicle.car
33 31 23778.0 13305.0 vehicle.car
33 32 23948.0 13300.0 vehicle.car
33 33 24030.0 13131.0 vehicle.car
33 34 23333.0 13155.0 vehicle.truck
33 35 23471.0 13313.0 vehicle.truck
33 36 23486.0 13138.0 vehicle.car
33 37 23527.0 13317.0 vehicle.car
33 38 23635.0 13313.0 vehicle.car
33 39 23498.0 13318.0 vehicle.car
33 40 23662.0 13312.0 vehicle.car
33 41 23247.0 13325.0 vehicle.car
33 42 22835.0 13332.0 vehicle.car
33 43 23335.0 13313.0 vehicle.car
33 44 23359.0 13318.0 vehicle.car
34 0 23608.0 13249.0 vehicle.ego
34 12 23900.0 13242.0 vehicle.car
34 22 24111.0 13295.0 vehicle.car
34 24 24054.0 13298.0 vehicle.car
34 27 23693.0 13306.0 vehicle.car
34 28 23833.0 13306.0 vehicle.car
34 31 23778.0 13305.0 vehicle.car
34 32 23948.0 13300.0 vehicle.car
34 33 24030.0 13132.0 vehicle.car
34 34 23333.0 13155.0 vehicle.truck
34 35 23471.0 13313.0 vehicle.truck
34 36 23485.0 13138.0 vehicle.car
34 37 23526.0 13317.0 vehicle.car
34 38 23635.0 13313.0 vehicle.car
34 39 23498.0 13318.0 vehicle.car
34 40 23662.0 13313.0 vehicle.car
34 41 23247.0 13324.0 vehicle.car
34 42 22835.0 13331.0 vehicle.car
34 43 23335.0 13313.0 vehicle.car
34 44 23359.0 13317.0 vehicle.car
34 45 23307.0 13316.0 vehicle.car
35 0 23560.0 13250.0 vehicle.ego
35 12 23855.0 13244.0 vehicle.car
35 22 24111.0 13294.0 vehicle.car
35 24 24054.0 13300.0 vehicle.car
35 27 23693.0 13307.0 vehicle.car
35 28 23833.0 13306.0 vehicle.car
35 31 23778.0 13305.0 vehicle.car
35 32 23948.0 13300.0 vehicle.car
35 33 24030.0 13132.0 vehicle.car
35 34 23333.0 13155.0 vehicle.truck
35 35 23471.0 13313.0 vehicle.truck
35 36 23485.0 13138.0 vehicle.car
35 37 23526.0 13317.0 vehicle.car
35 38 23635.0 13313.0 vehicle.car
35 39 23499.0 13318.0 vehicle.car
35 40 23662.0 13313.0 vehicle.car
35 41 23247.0 13323.0 vehicle.car
35 42 22835.0 13330.0 vehicle.car
35 43 23335.0 13313.0 vehicle.car
35 44 23360.0 13317.0 vehicle.car
35 45 23307.0 13315.0 vehicle.car
35 46 23277.0 13320.0 vehicle.car
36 0 23512.0 13251.0 vehicle.ego
36 12 23812.0 13245.0 vehicle.car
36 22 24111.0 13294.0 vehicle.car
36 24 24054.0 13301.0 vehicle.car
36 27 23693.0 13307.0 vehicle.car
36 28 23833.0 13306.0 vehicle.car
36 31 23778.0 13305.0 vehicle.car
36 32 23949.0 13301.0 vehicle.car
36 33 24031.0 13132.0 vehicle.car
36 34 23333.0 13154.0 vehicle.truck
36 35 23471.0 13313.0 vehicle.truck
36 36 23485.0 13138.0 vehicle.car
36 37 23525.0 13317.0 vehicle.car
36 38 23634.0 13313.0 vehicle.car
36 39 23499.0 13318.0 vehicle.car
36 40 23662.0 13313.0 vehicle.car
36 41 23247.0 13323.0 vehicle.car
36 42 22835.0 13329.0 vehicle.car
36 43 23335.0 13312.0 vehicle.car
36 44 23360.0 13317.0 vehicle.car
36 45 23307.0 13315.0 vehicle.car
36 46 23277.0 13319.0 vehicle.car
37 0 23461.0 13252.0 vehicle.ego
37 12 23769.0 13246.0 vehicle.car
37 24 24054.0 13302.0 vehicle.car
37 27 23692.0 13307.0 vehicle.car
37 28 23833.0 13306.0 vehicle.car
37 31 23778.0 13305.0 vehicle.car
37 33 24031.0 13132.0 vehicle.car
37 34 23333.0 13154.0 vehicle.truck
37 35 23471.0 13313.0 vehicle.truck
37 36 23485.0 13138.0 vehicle.car
37 37 23524.0 13317.0 vehicle.car
37 38 23634.0 13313.0 vehicle.car
37 39 23499.0 13318.0 vehicle.car
37 40 23662.0 13313.0 vehicle.car
37 41 23247.0 13322.0 vehicle.car
37 42 22835.0 13328.0 vehicle.car
37 43 23335.0 13312.0 vehicle.car
37 44 23360.0 13317.0 vehicle.car
37 45 23307.0 13315.0 vehicle.car
37 46 23277.0 13318.0 vehicle.car
38 0 23409.0 13252.0 vehicle.ego
38 12 23725.0 13248.0 vehicle.car
38 27 23692.0 13307.0 vehicle.car
38 28 23833.0 13306.0 vehicle.car
38 31 23778.0 13305.0 vehicle.car
38 33 24031.0 13132.0 vehicle.car
38 34 23333.0 13154.0 vehicle.truck
38 35 23471.0 13313.0 vehicle.truck
38 36 23485.0 13138.0 vehicle.car
38 37 23524.0 13317.0 vehicle.car
38 38 23633.0 13313.0 vehicle.car
38 39 23498.0 13318.0 vehicle.car
38 40 23662.0 13314.0 vehicle.car
38 41 23247.0 13322.0 vehicle.car
38 42 22835.0 13328.0 vehicle.car
38 43 23335.0 13312.0 vehicle.car
38 44 23360.0 13317.0 vehicle.car
38 45 23308.0 13315.0 vehicle.car
38 46 23277.0 13317.0 vehicle.car
