0 0 21588.0 13289.0 vehicle.ego
0 1 21941.0 13281.0 vehicle.car
1 0 21537.0 13291.0 vehicle.ego
1 1 21881.0 13282.0 vehicle.car
2 0 21487.0 13292.0 vehicle.ego
2 1 21834.0 13283.0 vehicle.car
3 0 21447.0 13292.0 vehicle.ego
3 1 21788.0 13283.0 vehicle.car
4 0 21397.0 13293.0 vehicle.ego
4 1 21735.0 13284.0 vehicle.car
5 0 21349.0 13293.0 vehicle.ego
5 1 21682.0 13285.0 vehicle.car
6 0 21301.0 13293.0 vehicle.ego
6 1 21629.0 13286.0 vehicle.car
7 0 21253.0 13294.0 vehicle.ego
7 1 21578.0 13287.0 vehicle.car
8 0 21207.0 13294.0 vehicle.ego
8 1 21528.0 13287.0 vehicle.car
9 0 21160.0 13296.0 vehicle.ego
9 1 21478.0 13288.0 vehicle.car
10 0 21110.0 13297.0 vehicle.ego
10 1 21429.0 13288.0 vehicle.car
11 0 21062.0 13299.0 vehicle.ego
11 1 21380.0 13289.0 vehicle.car
12 0 21011.0 13299.0 vehicle.ego
12 1 21331.0 13290.0 vehicle.car
13 0 20960.0 13301.0 vehicle.ego
13 1 21280.0 13291.0 vehicle.car
14 0 20910.0 13302.0 vehicle.ego
14 1 21233.0 13292.0 vehicle.car
15 0 20864.0 13304.0 vehicle.ego
15 1 21186.0 13294.0 vehicle.car
16 0 20821.0 13307.0 vehicle.ego
16 1 21139.0 13294.0 vehicle.car
17 0 20782.0 13310.0 vehicle.ego
17 1 21091.0 13296.0 vehicle.car
18 0 20748.0 13311.0 vehicle.ego
18 1 21046.0 13297.0 vehicle.car
19 0 20720.0 13313.0 vehicle.ego
19 1 20997.0 13298.0 vehicle.car
20 0 20698.0 13314.0 vehicle.ego
20 1 20953.0 13300.0 vehicle.car
21 0 20679.0 13314.0 vehicle.ego
21 1 20909.0 13302.0 vehicle.car
22 0 20663.0 13314.0 vehicle.ego
22 1 20870.0 13304.0 vehicle.car
23 0 20649.0 13315.0 vehicle.ego
23 1 20835.0 13306.0 vehicle.car
24 0 20637.0 13314.0 vehicle.ego
24 1 20802.0 13308.0 vehicle.car
25 0 20626.0 13314.0 vehicle.ego
25 1 20775.0 13310.0 vehicle.car
26 0 20615.0 13314.0 vehicle.ego
26 1 20750.0 13311.0 vehicle.car
27 0 20603.0 13314.0 vehicle.ego
27 1 20726.0 13312.0 vehicle.car
28 0 20589.0 13314.0 vehicle.ego
28 1 20703.0 13314.0 vehicle.car
29 0 20570.0 13314.0 vehicle.ego
29 1 20684.0 13314.0 vehicle.car
30 0 20547.0 13314.0 vehicle.ego
30 1 20660.0 13315.0 vehicle.car
31 0 20520.0 13314.0 vehicle.ego
31 1 20638.0 13316.0 vehicle.car
32 0 20490.0 13314.0 vehicle.ego
32 1 20615.0 13316.0 vehicle.car
33 0 20457.0 13314.0 vehicle.ego
33 1 20593.0 13316.0 vehicle.car
34 0 20422.0 13315.0 vehicle.ego
34 1 20571.0 13316.0 vehicle.car
35 0 20383.0 13315.0 vehicle.ego
35 1 20546.0 13317.0 vehicle.car
36 0 20343.0 13315.0 vehicle.ego
36 1 20519.0 13317.0 vehicle.car
37 0 20300.0 13315.0 vehicle.ego
37 1 20490.0 13317.0 vehicle.car
38 0 20256.0 13316.0 vehicle.ego
38 1 20456.0 13317.0 vehicle.car
39 0 20210.0 13317.0 vehicle.ego
39 1 20421.0 13317.0 vehicle.car
