0 0 17789.0 13326.0 vehicle.ego
0 1 17949.0 13130.0 vehicle.car
0 2 17967.0 13435.0 vehicle.car
0 3 17939.0 13439.0 vehicle.car
0 4 17562.0 13505.0 vehicle.car
0 5 17594.0 13638.0 vehicle.car
0 6 17913.0 13440.0 vehicle.car
0 7 17935.0 13588.0 vehicle.car
0 8 17848.0 13266.0 vehicle.car
0 9 18022.0 13324.0 vehicle.car
0 10 17517.0 13504.0 vehicle.car
0 11 18039.0 13263.0 vehicle.car
0 12 16764.0 13219.0 vehicle.trailer
0 13 17905.0 12953.0 vehicle.car
0 14 17596.0 13582.0 vehicle.car
0 15 17249.0 13447.0 vehicle.car
0 16 17937.0 13003.0 vehicle.car
0 17 17804.0 13493.0 vehicle.car
0 18 17598.0 13547.0 vehicle.car
0 19 17719.0 13598.0 vehicle.truck
0 20 17593.0 13612.0 vehicle.car
0 21 17934.0 13642.0 vehicle.car
0 22 17910.0 13009.0 vehicle.car
0 23 17983.0 13257.0 vehicle.car
0 24 17878.0 13263.0 vehicle.car
0 25 17998.0 13441.0 vehicle.car
0 26 17764.0 13189.0 vehicle.car
0 27 17910.0 13134.0 vehicle.car
0 28 17883.0 13442.0 vehicle.car
0 29 18194.0 13263.0 vehicle.car
0 30 17930.0 13255.0 vehicle.car
0 31 17906.0 12827.0 vehicle.car
1 0 17745.0 13326.0 vehicle.ego
1 1 17950.0 13130.0 vehicle.car
1 2 17967.0 13435.0 vehicle.car
1 3 17938.0 13439.0 vehicle.car
1 4 17561.0 13506.0 vehicle.car
1 5 17596.0 13637.0 vehicle.car
1 6 17913.0 13441.0 vehicle.car
1 7 17935.0 13588.0 vehicle.car
1 8 17849.0 13266.0 vehicle.car
1 9 17979.0 13325.0 vehicle.car
1 10 17517.0 13504.0 vehicle.car
1 11 18039.0 13263.0 vehicle.car
1 12 16764.0 13219.0 vehicle.trailer
1 14 17597.0 13582.0 vehicle.car
1 15 17249.0 13447.0 vehicle.car
1 16 17937.0 13003.0 vehicle.car
1 17 17805.0 13493.0 vehicle.car
1 18 17598.0 13547.0 vehicle.car
1 19 17720.0 13598.0 vehicle.truck
1 20 17593.0 13612.0 vehicle.car
1 22 17910.0 13009.0 vehicle.car
1 23 17983.0 13257.0 vehicle.car
1 24 17878.0 13263.0 vehicle.car
1 25 17998.0 13442.0 vehicle.car
1 26 17764.0 13190.0 vehicle.car
1 27 17910.0 13134.0 vehicle.car
1 28 17883.0 13442.0 vehicle.car
1 29 18193.0 13262.0 vehicle.car
1 30 17930.0 13256.0 vehicle.car
1 31 17906.0 12829.0 vehicle.car
1 32 17988.0 13586.0 vehicle.car
1 33 17236.0 13639.0 vehicle.car
1 34 17596.0 13687.0 vehicle.car
1 35 17200.0 13454.0 vehicle.car
1 36 17963.0 13585.0 vehicle.car
2 0 17701.0 13327.0 vehicle.ego
2 1 17950.0 13131.0 vehicle.car
2 2 17967.0 13435.0 vehicle.car
2 3 17938.0 13439.0 vehicle.car
2 4 17561.0 13506.0 vehicle.car
2 5 17599.0 13637.0 vehicle.car
2 6 17913.0 13441.0 vehicle.car
2 7 17935.0 13588.0 vehicle.car
2 8 17850.0 13266.0 vehicle.car
2 9 17935.0 13326.0 vehicle.car
2 10 17517.0 13504.0 vehicle.car
2 11 18039.0 13263.0 vehicle.car
2 12 16764.0 13219.0 vehicle.trailer
2 14 17598.0 13582.0 vehicle.car
2 15 17249.0 13447.0 vehicle.car
2 16 17937.0 13003.0 vehicle.car
2 17 17806.0 13493.0 vehicle.car
2 18 17599.0 13547.0 vehicle.car
2 19 17721.0 13598.0 vehicle.truck
2 20 17593.0 13612.0 vehicle.car
2 22 17910.0 13009.0 vehicle.car
2 23 17983.0 13258.0 vehicle.car
2 24 17878.0 13263.0 vehicle.car
2 25 17998.0 13442.0 vehicle.car
2 26 17764.0 13190.0 vehicle.car
2 27 17910.0 13134.0 vehicle.car
2 28 17883.0 13442.0 vehicle.car
2 29 18194.0 13263.0 vehicle.car
2 30 17930.0 13257.0 vehicle.car
2 32 17988.0 13586.0 vehicle.car
2 33 17236.0 13638.0 vehicle.car
2 34 17596.0 13687.0 vehicle.car
2 35 17200.0 13454.0 vehicle.car
2 36 17963.0 13585.0 vehicle.car
2 37 17341.0 13632.0 vehicle.car
2 38 17315.0 13633.0 vehicle.car
2 39 17992.0 13124.0 vehicle.car
2 40 17262.0 13640.0 vehicle.car
2 41 16668.0 13486.0 vehicle.car
3 0 17658.0 13328.0 vehicle.ego
3 1 17950.0 13131.0 vehicle.car
3 2 17967.0 13435.0 vehicle.car
3 3 17938.0 13440.0 vehicle.car
3 4 17561.0 13506.0 vehicle.car
3 5 17598.0 13637.0 vehicle.car
3 6 17913.0 13441.0 vehicle.car
3 7 17935.0 13589.0 vehicle.car
3 8 17851.0 13266.0 vehicle.car
3 9 17891.0 13328.0 vehicle.car
3 10 17517.0 13504.0 vehicle.car
3 11 18039.0 13263.0 vehicle.car
3 12 16764.0 13218.0 vehicle.trailer
3 14 17598.0 13582.0 vehicle.car
3 15 17249.0 13447.0 vehicle.car
3 17 17806.0 13493.0 vehicle.car
3 18 17599.0 13547.0 vehicle.car
3 19 17722.0 13598.0 vehicle.truck
3 20 17593.0 13612.0 vehicle.car
3 22 17910.0 13009.0 vehicle.car
3 23 17983.0 13258.0 vehicle.car
3 24 17878.0 13263.0 vehicle.car
3 26 17764.0 13190.0 vehicle.car
3 27 17910.0 13134.0 vehicle.car
3 28 17883.0 13442.0 vehicle.car
3 29 18194.0 13263.0 vehicle.car
3 30 17931.0 13257.0 vehicle.car
3 32 17988.0 13586.0 vehicle.car
3 33 17236.0 13638.0 vehicle.car
3 34 17596.0 13687.0 vehicle.car
3 35 17200.0 13454.0 vehicle.car
3 36 17963.0 13585.0 vehicle.car
3 37 17341.0 13632.0 vehicle.car
3 38 17315.0 13633.0 vehicle.car
3 39 17992.0 13126.0 vehicle.car
3 40 17262.0 13640.0 vehicle.car
3 41 16670.0 13484.0 vehicle.car
3 42 18023.0 13121.0 vehicle.car
3 43 18018.0 13591.0 vehicle.car
3 44 17366.0 13638.0 vehicle.car
3 45 17287.0 13640.0 vehicle.car
3 46 18046.0 13589.0 vehicle.car
4 0 17614.0 13329.0 vehicle.ego
4 1 17950.0 13131.0 vehicle.car
4 2 17967.0 13435.0 vehicle.car
4 3 17938.0 13440.0 vehicle.car
4 4 17561.0 13506.0 vehicle.car
4 5 17598.0 13637.0 vehicle.car
4 6 17913.0 13441.0 vehicle.car
4 8 17852.0 13266.0 vehicle.car
4 9 17848.0 13329.0 vehicle.car
4 10 17517.0 13504.0 vehicle.car
4 12 16764.0 13218.0 vehicle.trailer
4 14 17599.0 13582.0 vehicle.car
4 15 17249.0 13447.0 vehicle.car
4 17 17806.0 13493.0 vehicle.car
4 18 17599.0 13547.0 vehicle.car
4 19 17722.0 13598.0 vehicle.truck
4 20 17593.0 13612.0 vehicle.car
4 23 17983.0 13259.0 vehicle.car
4 24 17878.0 13263.0 vehicle.car
4 26 17764.0 13190.0 vehicle.car
4 27 17910.0 13134.0 vehicle.car
4 28 17883.0 13442.0 vehicle.car
4 30 17931.0 13258.0 vehicle.car
4 32 17988.0 13586.0 vehicle.car
4 33 17236.0 13637.0 vehicle.car
4 34 17596.0 13687.0 vehicle.car
4 35 17200.0 13454.0 vehicle.car
4 36 17963.0 13585.0 vehicle.car
4 37 17341.0 13632.0 vehicle.car
4 38 17315.0 13633.0 vehicle.car
4 39 17992.0 13127.0 vehicle.car
4 40 17262.0 13640.0 vehicle.car
4 41 16672.0 13483.0 vehicle.car
4 42 18023.0 13125.0 vehicle.car
4 43 18018.0 13591.0 vehicle.car
4 44 17366.0 13637.0 vehicle.car
4 45 17287.0 13640.0 vehicle.car
4 47 17226.0 13267.0 vehicle.car
4 48 17392.0 13632.0 vehicle.car
5 0 17569.0 13330.0 vehicle.ego
5 1 17950.0 13131.0 vehicle.car
5 2 17967.0 13435.0 vehicle.car
5 3 17938.0 13442.0 vehicle.car
5 4 17561.0 13506.0 vehicle.car
5 5 17597.0 13637.0 vehicle.car
5 8 17851.0 13266.0 vehicle.car
5 9 17804.0 13330.0 vehicle.car
5 10 17517.0 13504.0 vehicle.car
5 12 16764.0 13218.0 vehicle.trailer
5 14 17600.0 13582.0 vehicle.car
5 15 17249.0 13447.0 vehicle.car
5 17 17807.0 13493.0 vehicle.car
5 18 17599.0 13547.0 vehicle.car
5 19 17722.0 13598.0 vehicle.truck
5 20 17592.0 13612.0 vehicle.car
5 24 17878.0 13263.0 vehicle.car
5 27 17910.0 13134.0 vehicle.car
5 28 17883.0 13442.0 vehicle.car
5 32 17988.0 13587.0 vehicle.car
5 33 17236.0 13637.0 vehicle.car
5 34 17596.0 13687.0 vehicle.car
5 35 17200.0 13454.0 vehicle.car
5 37 17341.0 13632.0 vehicle.car
5 38 17315.0 13633.0 vehicle.car
5 40 17262.0 13640.0 vehicle.car
5 41 16673.0 13482.0 vehicle.car
5 42 18023.0 13127.0 vehicle.car
5 43 18018.0 13592.0 vehicle.car
5 44 17366.0 13636.0 vehicle.car
5 45 17287.0 13640.0 vehicle.car
5 47 17226.0 13267.0 vehicle.car
5 48 17392.0 13632.0 vehicle.car
5 49 17160.0 13635.0 vehicle.car
5 50 17006.0 13240.0 vehicle.truck
5 51 17448.0 13631.0 vehicle.car
5 52 17419.0 13633.0 vehicle.car
6 0 17523.0 13331.0 vehicle.ego
6 3 17938.0 13442.0 vehicle.car
6 4 17561.0 13506.0 vehicle.car
6 5 17597.0 13637.0 vehicle.car
6 8 17852.0 13266.0 vehicle.car
6 9 17760.0 13331.0 vehicle.car
6 10 17516.0 13504.0 vehicle.car
6 12 16763.0 13218.0 vehicle.trailer
6 14 17601.0 13582.0 vehicle.car
6 15 17249.0 13447.0 vehicle.car
6 17 17806.0 13493.0 vehicle.car
6 18 17599.0 13547.0 vehicle.car
6 19 17722.0 13598.0 vehicle.truck
6 20 17592.0 13612.0 vehicle.car
6 28 17883.0 13442.0 vehicle.car
6 33 17236.0 13637.0 vehicle.car
6 34 17596.0 13687.0 vehicle.car
6 35 17200.0 13454.0 vehicle.car
6 37 17342.0 13632.0 vehicle.car
6 38 17315.0 13632.0 vehicle.car
6 40 17262.0 13640.0 vehicle.car
6 41 16675.0 13480.0 vehicle.car
6 42 18023.0 13129.0 vehicle.car
6 44 17366.0 13636.0 vehicle.car
6 45 17287.0 13639.0 vehicle.car
6 47 17226.0 13267.0 vehicle.car
6 48 17392.0 13632.0 vehicle.car
6 49 17159.0 13636.0 vehicle.car
6 50 17006.0 13240.0 vehicle.truck
6 51 17448.0 13631.0 vehicle.car
6 52 17419.0 13634.0 vehicle.car
6 53 17595.0 13668.0 vehicle.car
6 54 17185.0 13641.0 vehicle.car
6 55 17590.0 13714.0 vehicle.car
6 56 16792.0 13453.0 vehicle.car
6 57 17592.0 13741.0 vehicle.car
7 0 17474.0 13332.0 vehicle.ego
7 3 17938.0 13441.0 vehicle.car
7 4 17561.0 13506.0 vehicle.car
7 5 17596.0 13638.0 vehicle.car
7 8 17852.0 13266.0 vehicle.car
7 9 17717.0 13332.0 vehicle.car
7 10 17515.0 13505.0 vehicle.car
7 12 16763.0 13218.0 vehicle.trailer
7 14 17601.0 13582.0 vehicle.car
7 15 17249.0 13447.0 vehicle.car
7 17 17806.0 13493.0 vehicle.car
7 18 17598.0 13547.0 vehicle.car
7 19 17722.0 13598.0 vehicle.truck
7 20 17592.0 13611.0 vehicle.car
7 28 17883.0 13442.0 vehicle.car
7 33 17236.0 13637.0 vehicle.car
7 34 17596.0 13687.0 vehicle.car
7 35 17200.0 13454.0 vehicle.car
7 37 17342.0 13632.0 vehicle.car
7 38 17315.0 13633.0 vehicle.car
7 40 17262.0 13640.0 vehicle.car
7 41 16677.0 13479.0 vehicle.car
7 44 17366.0 13636.0 vehicle.car
7 45 17287.0 13640.0 vehicle.car
7 47 17226.0 13267.0 vehicle.car
7 48 17392.0 13632.0 vehicle.car
7 49 17159.0 13638.0 vehicle.car
7 50 17006.0 13240.0 vehicle.truck
7 51 17447.0 13631.0 vehicle.car
7 52 17418.0 13634.0 vehicle.car
7 54 17185.0 13641.0 vehicle.car
7 55 17590.0 13714.0 vehicle.car
7 56 16792.0 13453.0 vehicle.car
7 57 17592.0 13741.0 vehicle.car
7 58 16762.0 13456.0 vehicle.car
7 59 17201.0 13268.0 vehicle.car
7 60 17065.0 13472.0 vehicle.car
7 61 17210.0 13636.0 vehicle.car
7 62 17122.0 13471.0 vehicle.car
8 0 17425.0 13332.0 vehicle.ego
8 3 17938.0 13441.0 vehicle.car
8 4 17561.0 13506.0 vehicle.car
8 5 17596.0 13638.0 vehicle.car
8 8 17853.0 13266.0 vehicle.car
8 9 17673.0 13334.0 vehicle.car
8 10 17516.0 13505.0 vehicle.car
8 12 16763.0 13218.0 vehicle.trailer
8 14 17602.0 13582.0 vehicle.car
8 15 17249.0 13447.0 vehicle.car
8 17 17806.0 13494.0 vehicle.car
8 18 17598.0 13547.0 vehicle.car
8 19 17723.0 13598.0 vehicle.truck
8 20 17591.0 13611.0 vehicle.car
8 28 17883.0 13442.0 vehicle.car
8 33 17236.0 13637.0 vehicle.car
8 34 17596.0 13687.0 vehicle.car
8 35 17200.0 13454.0 vehicle.car
8 37 17342.0 13632.0 vehicle.car
8 38 17315.0 13634.0 vehicle.car
8 40 17262.0 13640.0 vehicle.car
8 41 16677.0 13479.0 vehicle.car
8 44 17366.0 13637.0 vehicle.car
8 45 17287.0 13640.0 vehicle.car
8 47 17226.0 13267.0 vehicle.car
8 48 17392.0 13631.0 vehicle.car
8 49 17159.0 13639.0 vehicle.car
8 50 17006.0 13240.0 vehicle.truck
8 51 17447.0 13631.0 vehicle.car
8 52 17418.0 13634.0 vehicle.car
8 54 17185.0 13641.0 vehicle.car
8 55 17591.0 13714.0 vehicle.car
8 56 16792.0 13453.0 vehicle.car
8 57 17592.0 13741.0 vehicle.car
8 58 16762.0 13456.0 vehicle.car
8 59 17201.0 13268.0 vehicle.car
8 60 17065.0 13472.0 vehicle.car
8 61 17210.0 13636.0 vehicle.car
8 62 17122.0 13471.0 vehicle.car
8 63 16957.0 13477.0 vehicle.car
8 64 17598.0 13771.0 vehicle.car
9 0 17373.0 13332.0 vehicle.ego
9 4 17561.0 13506.0 vehicle.car
9 5 17596.0 13638.0 vehicle.car
9 8 17851.0 13266.0 vehicle.car
9 9 17630.0 13335.0 vehicle.car
9 10 17516.0 13505.0 vehicle.car
9 12 16763.0 13217.0 vehicle.trailer
9 14 17602.0 13582.0 vehicle.car
9 15 17249.0 13447.0 vehicle.car
9 17 17806.0 13495.0 vehicle.car
9 19 17722.0 13600.0 vehicle.truck
9 20 17591.0 13611.0 vehicle.car
9 28 17883.0 13443.0 vehicle.car
9 33 17237.0 13637.0 vehicle.car
9 35 17200.0 13454.0 vehicle.car
9 37 17342.0 13632.0 vehicle.car
9 38 17315.0 13635.0 vehicle.car
9 40 17262.0 13640.0 vehicle.car
9 41 16677.0 13478.0 vehicle.car
9 44 17366.0 13637.0 vehicle.car
9 45 17287.0 13640.0 vehicle.car
9 47 17226.0 13267.0 vehicle.car
9 48 17392.0 13631.0 vehicle.car
9 49 17160.0 13641.0 vehicle.car
9 50 17006.0 13239.0 vehicle.truck
9 51 17447.0 13631.0 vehicle.car
9 52 17418.0 13634.0 vehicle.car
9 54 17185.0 13641.0 vehicle.car
9 55 17591.0 13714.0 vehicle.car
9 56 16792.0 13453.0 vehicle.car
9 57 17592.0 13741.0 vehicle.car
9 58 16762.0 13456.0 vehicle.car
9 59 17201.0 13268.0 vehicle.car
9 60 17065.0 13472.0 vehicle.car
9 61 17210.0 13636.0 vehicle.car
9 62 17122.0 13471.0 vehicle.car
9 63 16957.0 13477.0 vehicle.car
9 64 17598.0 13771.0 vehicle.car
9 65 17148.0 13474.0 vehicle.car
9 66 17038.0 13134.0 vehicle.trailer
9 67 16817.0 13468.0 vehicle.car
9 68 16876.0 13471.0 vehicle.car
9 69 17079.0 13143.0 vehicle.trailer
9 70 16838.0 13249.0 vehicle.car
9 71 17044.0 13238.0 vehicle.truck
9 72 16583.0 13443.0 vehicle.car
9 73 17011.0 13471.0 vehicle.car
10 0 17323.0 13332.0 vehicle.ego
10 4 17561.0 13506.0 vehicle.car
10 5 17596.0 13638.0 vehicle.car
10 8 17849.0 13266.0 vehicle.car
10 9 17587.0 13336.0 vehicle.car
10 10 17517.0 13505.0 vehicle.car
10 12 16763.0 13217.0 vehicle.trailer
10 14 17602.0 13582.0 vehicle.car
10 15 17248.0 13447.0 vehicle.car
10 17 17806.0 13496.0 vehicle.car
10 19 17720.0 13602.0 vehicle.truck
10 20 17591.0 13611.0 vehicle.car
10 33 17237.0 13637.0 vehicle.car
10 35 17200.0 13454.0 vehicle.car
10 37 17342.0 13632.0 vehicle.car
10 38 17315.0 13634.0 vehicle.car
10 40 17262.0 13640.0 vehicle.car
10 41 16677.0 13478.0 vehicle.car
10 44 17366.0 13637.0 vehicle.car
10 45 17287.0 13640.0 vehicle.car
10 47 17226.0 13267.0 vehicle.car
10 48 17392.0 13631.0 vehicle.car
10 49 17160.0 13639.0 vehicle.car
10 50 17006.0 13238.0 vehicle.truck
10 51 17447.0 13631.0 vehicle.car
10 52 17417.0 13634.0 vehicle.car
10 54 17185.0 13641.0 vehicle.car
10 55 17591.0 13714.0 vehicle.car
10 56 16792.0 13453.0 vehicle.car
10 57 17592.0 13741.0 vehicle.car
10 58 16762.0 13456.0 vehicle.car
10 59 17201.0 13268.0 vehicle.car
10 60 17065.0 13472.0 vehicle.car
10 61 17208.0 13635.0 vehicle.car
10 62 17122.0 13471.0 vehicle.car
10 63 16956.0 13477.0 vehicle.car
10 64 17597.0 13771.0 vehicle.car
10 65 17148.0 13474.0 vehicle.car
10 66 17038.0 13133.0 vehicle.trailer
10 67 16817.0 13468.0 vehicle.car
10 68 16876.0 13471.0 vehicle.car
10 69 17079.0 13143.0 vehicle.trailer
10 70 16838.0 13249.0 vehicle.car
10 71 17045.0 13238.0 vehicle.truck
10 72 16583.0 13443.0 vehicle.car
10 73 17011.0 13471.0 vehicle.car
10 74 17002.0 13131.0 vehicle.trailer
10 75 17174.0 13466.0 vehicle.car
10 76 17174.0 13248.0 vehicle.car
10 77 17114.0 13132.0 vehicle.trailer
10 78 17091.0 13479.0 vehicle.car
10 79 16274.0 13496.0 vehicle.trailer
10 80 16902.0 13473.0 vehicle.car
10 81 16984.0 13482.0 vehicle.car
11 0 17271.0 13331.0 vehicle.ego
11 4 17561.0 13505.0 vehicle.car
11 5 17596.0 13638.0 vehicle.car
11 8 17849.0 13268.0 vehicle.car
11 9 17544.0 13337.0 vehicle.car
11 10 17514.0 13506.0 vehicle.car
11 12 16763.0 13217.0 vehicle.trailer
11 14 17602.0 13582.0 vehicle.car
11 15 17248.0 13447.0 vehicle.car
11 17 17806.0 13497.0 vehicle.car
11 19 17718.0 13604.0 vehicle.truck
11 20 17590.0 13612.0 vehicle.car
11 33 17234.0 13637.0 vehicle.car
11 35 17200.0 13454.0 vehicle.car
11 37 17341.0 13635.0 vehicle.car
11 38 17315.0 13634.0 vehicle.car
11 40 17262.0 13639.0 vehicle.car
11 41 16677.0 13478.0 vehicle.car
11 44 17366.0 13637.0 vehicle.car
11 45 17287.0 13640.0 vehicle.car
11 47 17226.0 13267.0 vehicle.car
11 48 17392.0 13631.0 vehicle.car
11 49 17160.0 13637.0 vehicle.car
11 50 17006.0 13237.0 vehicle.truck
11 51 17446.0 13631.0 vehicle.car
11 52 17416.0 13634.0 vehicle.car
11 54 17184.0 13641.0 vehicle.car
11 55 17591.0 13714.0 vehicle.car
11 56 16792.0 13453.0 vehicle.car
11 57 17589.0 13742.0 vehicle.car
11 58 16762.0 13456.0 vehicle.car
11 59 17201.0 13268.0 vehicle.car
11 60 17065.0 13472.0 vehicle.car
11 61 17206.0 13634.0 vehicle.car
11 62 17122.0 13471.0 vehicle.car
11 63 16956.0 13477.0 vehicle.car
11 64 17597.0 13771.0 vehicle.car
11 65 17148.0 13474.0 vehicle.car
11 66 17039.0 13133.0 vehicle.trailer
11 67 16817.0 13468.0 vehicle.car
11 68 16876.0 13471.0 vehicle.car
11 69 17079.0 13142.0 vehicle.trailer
11 70 16838.0 13249.0 vehicle.car
11 71 17045.0 13237.0 vehicle.truck
11 72 16583.0 13443.0 vehicle.car
11 73 17011.0 13471.0 vehicle.car
11 74 17001.0 13128.0 vehicle.trailer
11 75 17174.0 13464.0 vehicle.car
11 76 17174.0 13248.0 vehicle.car
11 77 17114.0 13132.0 vehicle.trailer
11 78 17091.0 13479.0 vehicle.car
11 79 16274.0 13494.0 vehicle.trailer
11 80 16902.0 13473.0 vehicle.car
11 81 16984.0 13482.0 vehicle.car
12 0 17218.0 13330.0 vehicle.ego
12 5 17591.0 13640.0 vehicle.car
12 8 17849.0 13270.0 vehicle.car
12 9 17502.0 13340.0 vehicle.car
12 10 17512.0 13507.0 vehicle.car
12 12 16763.0 13217.0 vehicle.trailer
12 14 17602.0 13582.0 vehicle.car
12 15 17248.0 13447.0 vehicle.car
12 17 17806.0 13498.0 vehicle.car
12 19 17717.0 13606.0 vehicle.truck
12 20 17587.0 13612.0 vehicle.car
12 33 17231.0 13637.0 vehicle.car
12 35 17200.0 13454.0 vehicle.car
12 37 17340.0 13638.0 vehicle.car
12 38 17314.0 13634.0 vehicle.car
12 40 17258.0 13639.0 vehicle.car
12 41 16677.0 13475.0 vehicle.car
12 44 17363.0 13638.0 vehicle.car
12 45 17287.0 13642.0 vehicle.car
12 47 17226.0 13267.0 vehicle.car
12 48 17389.0 13633.0 vehicle.car
12 49 17158.0 13635.0 vehicle.car
12 50 17007.0 13236.0 vehicle.truck
12 51 17445.0 13631.0 vehicle.car
12 52 17414.0 13634.0 vehicle.car
12 54 17182.0 13641.0 vehicle.car
12 56 16792.0 13453.0 vehicle.car
12 57 17587.0 13743.0 vehicle.car
12 58 16762.0 13456.0 vehicle.car
12 59 17201.0 13268.0 vehicle.car
12 60 17065.0 13472.0 vehicle.car
12 61 17204.0 13633.0 vehicle.car
12 62 17122.0 13471.0 vehicle.car
12 63 16956.0 13477.0 vehicle.car
12 65 17148.0 13474.0 vehicle.car
12 66 17039.0 13133.0 vehicle.trailer
12 67 16817.0 13468.0 vehicle.car
12 68 16876.0 13471.0 vehicle.car
12 69 17079.0 13141.0 vehicle.trailer
12 70 16838.0 13249.0 vehicle.car
12 71 17045.0 13237.0 vehicle.truck
12 72 16583.0 13443.0 vehicle.car
12 73 17011.0 13471.0 vehicle.car
12 74 17001.0 13125.0 vehicle.trailer
12 75 17174.0 13463.0 vehicle.car
12 76 17174.0 13248.0 vehicle.car
12 77 17114.0 13132.0 vehicle.trailer
12 78 17091.0 13479.0 vehicle.car
12 79 16273.0 13493.0 vehicle.trailer
12 80 16902.0 13473.0 vehicle.car
12 81 16984.0 13482.0 vehicle.car
12 82 16728.0 13222.0 vehicle.trailer
12 83 16846.0 13472.0 vehicle.car
12 84 16838.0 13220.0 vehicle.car
12 85 17039.0 13482.0 vehicle.car
13 0 17167.0 13329.0 vehicle.ego
13 5 17592.0 13640.0 vehicle.car
13 8 17849.0 13272.0 vehicle.car
13 9 17456.0 13339.0 vehicle.car
13 12 16763.0 13217.0 vehicle.trailer
13 14 17602.0 13582.0 vehicle.car
13 15 17248.0 13447.0 vehicle.car
13 17 17806.0 13499.0 vehicle.car
13 19 17716.0 13605.0 vehicle.truck
13 20 17587.0 13612.0 vehicle.car
13 35 17200.0 13454.0 vehicle.car
13 38 17313.0 13634.0 vehicle.car
13 41 16676.0 13473.0 vehicle.car
13 44 17363.0 13639.0 vehicle.car
13 45 17287.0 13640.0 vehicle.car
13 47 17226.0 13267.0 vehicle.car
13 49 17157.0 13633.0 vehicle.car
13 50 17007.0 13234.0 vehicle.truck
13 51 17444.0 13631.0 vehicle.car
13 52 17414.0 13632.0 vehicle.car
13 54 17181.0 13641.0 vehicle.car
13 56 16792.0 13453.0 vehicle.car
13 57 17585.0 13744.0 vehicle.car
13 58 16762.0 13456.0 vehicle.car
13 59 17201.0 13268.0 vehicle.car
13 60 17065.0 13472.0 vehicle.car
13 62 17122.0 13471.0 vehicle.car
13 63 16956.0 13477.0 vehicle.car
13 65 17148.0 13474.0 vehicle.car
13 66 17039.0 13132.0 vehicle.trailer
13 67 16817.0 13468.0 vehicle.car
13 68 16876.0 13471.0 vehicle.car
13 69 17079.0 13140.0 vehicle.trailer
13 70 16838.0 13249.0 vehicle.car
13 71 17045.0 13236.0 vehicle.truck
13 72 16583.0 13443.0 vehicle.car
13 73 17011.0 13471.0 vehicle.car
13 74 17002.0 13123.0 vehicle.trailer
13 75 17174.0 13462.0 vehicle.car
13 76 17174.0 13248.0 vehicle.car
13 77 17114.0 13132.0 vehicle.trailer
13 78 17091.0 13479.0 vehicle.car
13 79 16273.0 13491.0 vehicle.trailer
13 80 16902.0 13473.0 vehicle.car
13 81 16984.0 13482.0 vehicle.car
13 82 16728.0 13222.0 vehicle.trailer
13 83 16846.0 13472.0 vehicle.car
13 84 16838.0 13220.0 vehicle.car
13 85 17039.0 13482.0 vehicle.car
13 86 16553.0 13451.0 vehicle.car
13 87 16839.0 13190.0 vehicle.car
13 88 16929.0 13474.0 vehicle.car
13 89 16504.0 13149.0 vehicle.car
14 0 17116.0 13330.0 vehicle.ego
14 5 17592.0 13640.0 vehicle.car
14 8 17849.0 13269.0 vehicle.car
14 9 17410.0 13339.0 vehicle.car
14 12 16763.0 13216.0 vehicle.trailer
14 14 17602.0 13582.0 vehicle.car
14 15 17248.0 13447.0 vehicle.car
14 17 17806.0 13500.0 vehicle.car
14 19 17716.0 13603.0 vehicle.truck
14 35 17200.0 13454.0 vehicle.car
14 41 16676.0 13471.0 vehicle.car
14 47 17226.0 13267.0 vehicle.car
14 50 17007.0 13233.0 vehicle.truck
14 56 16792.0 13453.0 vehicle.car
14 58 16762.0 13456.0 vehicle.car
14 59 17201.0 13268.0 vehicle.car
14 60 17065.0 13472.0 vehicle.car
14 62 17122.0 13471.0 vehicle.car
14 63 16956.0 13477.0 vehicle.car
14 65 17148.0 13474.0 vehicle.car
14 66 17040.0 13132.0 vehicle.trailer
14 67 16817.0 13468.0 vehicle.car
14 68 16876.0 13471.0 vehicle.car
14 69 17079.0 13140.0 vehicle.trailer
14 70 16838.0 13249.0 vehicle.car
14 71 17046.0 13235.0 vehicle.truck
14 72 16583.0 13443.0 vehicle.car
14 73 17011.0 13471.0 vehicle.car
14 74 17002.0 13122.0 vehicle.trailer
14 75 17174.0 13462.0 vehicle.car
14 76 17174.0 13248.0 vehicle.car
14 77 17114.0 13132.0 vehicle.trailer
14 78 17091.0 13479.0 vehicle.car
14 79 16273.0 13490.0 vehicle.trailer
14 80 16902.0 13473.0 vehicle.car
14 81 16984.0 13482.0 vehicle.car
14 82 16728.0 13222.0 vehicle.trailer
14 83 16846.0 13472.0 vehicle.car
14 84 16838.0 13220.0 vehicle.car
14 85 17039.0 13482.0 vehicle.car
14 86 16553.0 13451.0 vehicle.car
14 87 16839.0 13190.0 vehicle.car
14 88 16929.0 13474.0 vehicle.car
14 89 16504.0 13149.0 vehicle.car
14 90 16606.0 13447.0 vehicle.car
14 91 16836.0 13303.0 vehicle.bicycle
14 92 16840.0 13162.0 vehicle.car
15 0 17065.0 13331.0 vehicle.ego
15 9 17364.0 13338.0 vehicle.car
15 12 16763.0 13216.0 vehicle.trailer
15 14 17602.0 13582.0 vehicle.car
15 15 17248.0 13447.0 vehicle.car
15 19 17716.0 13602.0 vehicle.truck
15 35 17200.0 13454.0 vehicle.car
15 41 16676.0 13469.0 vehicle.car
15 47 17226.0 13267.0 vehicle.car
15 50 17006.0 13234.0 vehicle.truck
15 56 16792.0 13453.0 vehicle.car
15 58 16762.0 13456.0 vehicle.car
15 59 17201.0 13268.0 vehicle.car
15 60 17065.0 13472.0 vehicle.car
15 62 17122.0 13471.0 vehicle.car
15 63 16956.0 13477.0 vehicle.car
15 65 17148.0 13474.0 vehicle.car
15 66 17040.0 13132.0 vehicle.trailer
15 67 16817.0 13468.0 vehicle.car
15 68 16876.0 13471.0 vehicle.car
15 69 17079.0 13139.0 vehicle.trailer
15 70 16838.0 13249.0 vehicle.car
15 71 17046.0 13235.0 vehicle.truck
15 72 16583.0 13443.0 vehicle.car
15 73 17011.0 13471.0 vehicle.car
15 74 17002.0 13125.0 vehicle.trailer
15 75 17174.0 13462.0 vehicle.car
15 76 17174.0 13248.0 vehicle.car
15 77 17114.0 13132.0 vehicle.trailer
15 78 17091.0 13479.0 vehicle.car
15 79 16272.0 13488.0 vehicle.trailer
15 80 16902.0 13473.0 vehicle.car
15 81 16984.0 13482.0 vehicle.car
15 82 16728.0 13222.0 vehicle.trailer
15 83 16846.0 13472.0 vehicle.car
15 84 16838.0 13220.0 vehicle.car
15 85 17039.0 13482.0 vehicle.car
15 86 16553.0 13451.0 vehicle.car
15 87 16839.0 13190.0 vehicle.car
15 88 16929.0 13474.0 vehicle.car
15 89 16504.0 13149.0 vehicle.car
15 90 16606.0 13447.0 vehicle.car
15 91 16836.0 13303.0 vehicle.bicycle
15 92 16840.0 13162.0 vehicle.car
15 93 16930.0 13102.0 vehicle.truck
16 0 17013.0 13332.0 vehicle.ego
16 9 17319.0 13338.0 vehicle.car
16 12 16763.0 13216.0 vehicle.trailer
16 15 17248.0 13447.0 vehicle.car
16 19 17715.0 13601.0 vehicle.truck
16 35 17200.0 13454.0 vehicle.car
16 41 16675.0 13466.0 vehicle.car
16 47 17226.0 13267.0 vehicle.car
16 50 17005.0 13234.0 vehicle.truck
16 56 16792.0 13453.0 vehicle.car
16 58 16762.0 13456.0 vehicle.car
16 59 17201.0 13268.0 vehicle.car
16 60 17065.0 13472.0 vehicle.car
16 62 17122.0 13471.0 vehicle.car
16 63 16956.0 13477.0 vehicle.car
16 65 17148.0 13474.0 vehicle.car
16 66 17039.0 13131.0 vehicle.trailer
16 67 16817.0 13468.0 vehicle.car
16 68 16876.0 13471.0 vehicle.car
16 69 17079.0 13140.0 vehicle.trailer
16 70 16838.0 13249.0 vehicle.car
16 71 17046.0 13234.0 vehicle.truck
16 72 16583.0 13443.0 vehicle.car
16 73 17011.0 13471.0 vehicle.car
16 74 17003.0 13125.0 vehicle.trailer
16 75 17174.0 13462.0 vehicle.car
16 76 17174.0 13248.0 vehicle.car
16 77 17114.0 13132.0 vehicle.trailer
16 78 17091.0 13479.0 vehicle.car
16 79 16272.0 13487.0 vehicle.trailer
16 80 16902.0 13473.0 vehicle.car
16 81 16984.0 13482.0 vehicle.car
16 82 16728.0 13222.0 vehicle.trailer
16 83 16846.0 13472.0 vehicle.car
16 84 16838.0 13220.0 vehicle.car
16 85 17039.0 13482.0 vehicle.car
16 86 16553.0 13451.0 vehicle.car
16 87 16839.0 13190.0 vehicle.car
16 88 16929.0 13474.0 vehicle.car
16 89 16504.0 13149.0 vehicle.car
16 90 16606.0 13447.0 vehicle.car
16 91 16836.0 13303.0 vehicle.bicycle
16 92 16840.0 13162.0 vehicle.car
16 93 16930.0 13102.0 vehicle.truck
16 94 16697.0 13250.0 vehicle.truck
17 0 16961.0 13334.0 vehicle.ego
17 9 17268.0 13336.0 vehicle.car
17 12 16763.0 13216.0 vehicle.trailer
17 15 17249.0 13447.0 vehicle.car
17 19 17715.0 13599.0 vehicle.truck
17 35 17200.0 13454.0 vehicle.car
17 41 16676.0 13467.0 vehicle.car
17 47 17226.0 13267.0 vehicle.car
17 50 17005.0 13233.0 vehicle.truck
17 56 16792.0 13453.0 vehicle.car
17 58 16762.0 13456.0 vehicle.car
17 59 17201.0 13268.0 vehicle.car
17 60 17065.0 13472.0 vehicle.car
17 62 17122.0 13471.0 vehicle.car
17 63 16956.0 13477.0 vehicle.car
17 65 17148.0 13474.0 vehicle.car
17 66 17039.0 13130.0 vehicle.trailer
17 67 16817.0 13468.0 vehicle.car
17 68 16876.0 13471.0 vehicle.car
17 69 17078.0 13140.0 vehicle.trailer
17 70 16838.0 13249.0 vehicle.car
17 71 17046.0 13234.0 vehicle.truck
17 72 16583.0 13443.0 vehicle.car
17 73 17011.0 13471.0 vehicle.car
17 74 17004.0 13125.0 vehicle.trailer
17 75 17174.0 13462.0 vehicle.car
17 76 17174.0 13248.0 vehicle.car
17 77 17114.0 13132.0 vehicle.trailer
17 78 17091.0 13479.0 vehicle.car
17 79 16273.0 13487.0 vehicle.trailer
17 80 16902.0 13473.0 vehicle.car
17 81 16984.0 13482.0 vehicle.car
17 82 16728.0 13222.0 vehicle.trailer
17 83 16846.0 13472.0 vehicle.car
17 84 16838.0 13220.0 vehicle.car
17 85 17039.0 13482.0 vehicle.car
17 86 16553.0 13451.0 vehicle.car
17 87 16839.0 13190.0 vehicle.car
17 88 16929.0 13474.0 vehicle.car
17 89 16504.0 13149.0 vehicle.car
17 90 16606.0 13447.0 vehicle.car
17 91 16836.0 13302.0 vehicle.bicycle
17 92 16840.0 13162.0 vehicle.car
17 93 16930.0 13102.0 vehicle.truck
17 94 16697.0 13250.0 vehicle.truck
18 0 16909.0 13335.0 vehicle.ego
18 9 17218.0 13335.0 vehicle.car
18 12 16763.0 13216.0 vehicle.trailer
18 15 17249.0 13447.0 vehicle.car
18 19 17715.0 13598.0 vehicle.truck
18 35 17200.0 13454.0 vehicle.car
18 41 16676.0 13467.0 vehicle.car
18 50 17005.0 13231.0 vehicle.truck
18 56 16792.0 13453.0 vehicle.car
18 58 16762.0 13456.0 vehicle.car
18 59 17201.0 13268.0 vehicle.car
18 60 17065.0 13472.0 vehicle.car
18 62 17122.0 13471.0 vehicle.car
18 63 16956.0 13477.0 vehicle.car
18 65 17148.0 13474.0 vehicle.car
18 66 17038.0 13130.0 vehicle.trailer
18 67 16817.0 13468.0 vehicle.car
18 68 16876.0 13471.0 vehicle.car
18 69 17078.0 13141.0 vehicle.trailer
18 70 16838.0 13249.0 vehicle.car
18 71 17045.0 13234.0 vehicle.truck
18 72 16583.0 13443.0 vehicle.car
18 73 17011.0 13471.0 vehicle.car
18 74 17004.0 13125.0 vehicle.trailer
18 75 17174.0 13462.0 vehicle.car
18 76 17174.0 13248.0 vehicle.car
18 77 17114.0 13132.0 vehicle.trailer
18 78 17091.0 13479.0 vehicle.car
18 79 16273.0 13488.0 vehicle.trailer
18 80 16902.0 13473.0 vehicle.car
18 81 16984.0 13482.0 vehicle.car
18 82 16728.0 13222.0 vehicle.trailer
18 83 16846.0 13472.0 vehicle.car
18 84 16838.0 13220.0 vehicle.car
18 85 17039.0 13482.0 vehicle.car
18 86 16553.0 13451.0 vehicle.car
18 87 16839.0 13190.0 vehicle.car
18 88 16929.0 13474.0 vehicle.car
18 89 16504.0 13149.0 vehicle.car
18 90 16606.0 13447.0 vehicle.car
18 91 16835.0 13302.0 vehicle.bicycle
18 92 16840.0 13162.0 vehicle.car
18 93 16930.0 13102.0 vehicle.truck
18 94 16697.0 13250.0 vehicle.truck
18 95 16657.0 13137.0 vehicle.trailer
18 96 16366.0 13405.0 vehicle.car
18 97 16665.0 13639.0 vehicle.car
19 0 16859.0 13336.0 vehicle.ego
19 9 17167.0 13334.0 vehicle.car
19 12 16763.0 13216.0 vehicle.trailer
19 15 17249.0 13447.0 vehicle.car
19 19 17720.0 13598.0 vehicle.truck
19 35 17200.0 13454.0 vehicle.car
19 41 16676.0 13467.0 vehicle.car
19 50 17005.0 13231.0 vehicle.truck
19 56 16792.0 13453.0 vehicle.car
19 58 16762.0 13456.0 vehicle.car
19 59 17201.0 13268.0 vehicle.car
19 60 17065.0 13472.0 vehicle.car
19 62 17122.0 13471.0 vehicle.car
19 63 16956.0 13477.0 vehicle.car
19 65 17148.0 13474.0 vehicle.car
19 66 17039.0 13128.0 vehicle.trailer
19 67 16817.0 13468.0 vehicle.car
19 68 16876.0 13471.0 vehicle.car
19 69 17078.0 13142.0 vehicle.trailer
19 70 16838.0 13249.0 vehicle.car
19 71 17045.0 13233.0 vehicle.truck
19 72 16583.0 13443.0 vehicle.car
19 73 17011.0 13471.0 vehicle.car
19 74 17004.0 13125.0 vehicle.trailer
19 75 17174.0 13462.0 vehicle.car
19 76 17174.0 13248.0 vehicle.car
19 77 17114.0 13132.0 vehicle.trailer
19 78 17091.0 13479.0 vehicle.car
19 79 16274.0 13488.0 vehicle.trailer
19 80 16902.0 13473.0 vehicle.car
19 81 16984.0 13482.0 vehicle.car
19 82 16728.0 13222.0 vehicle.trailer
19 83 16846.0 13472.0 vehicle.car
19 84 16838.0 13220.0 vehicle.car
19 85 17039.0 13482.0 vehicle.car
19 86 16553.0 13451.0 vehicle.car
19 87 16839.0 13190.0 vehicle.car
19 88 16929.0 13474.0 vehicle.car
19 89 16504.0 13149.0 vehicle.car
19 90 16606.0 13447.0 vehicle.car
19 91 16835.0 13302.0 vehicle.bicycle
19 92 16840.0 13162.0 vehicle.car
19 93 16930.0 13102.0 vehicle.truck
19 94 16697.0 13250.0 vehicle.truck
19 95 16657.0 13137.0 vehicle.trailer
19 96 16368.0 13406.0 vehicle.car
19 97 16665.0 13639.0 vehicle.car
19 98 16276.0 13408.0 vehicle.car
19 99 16063.0 13174.0 vehicle.car
19 100 16693.0 13136.0 vehicle.trailer
20 0 16807.0 13338.0 vehicle.ego
20 9 17116.0 13334.0 vehicle.car
20 12 16763.0 13215.0 vehicle.trailer
20 15 17249.0 13447.0 vehicle.car
20 35 17200.0 13454.0 vehicle.car
20 41 16676.0 13467.0 vehicle.car
20 50 17005.0 13230.0 vehicle.truck
20 56 16792.0 13453.0 vehicle.car
20 58 16762.0 13456.0 vehicle.car
20 59 17201.0 13268.0 vehicle.car
20 62 17122.0 13471.0 vehicle.car
20 63 16956.0 13477.0 vehicle.car
20 66 17041.0 13127.0 vehicle.trailer
20 67 16817.0 13468.0 vehicle.car
20 68 16876.0 13471.0 vehicle.car
20 69 17077.0 13143.0 vehicle.trailer
20 70 16838.0 13249.0 vehicle.car
20 71 17045.0 13233.0 vehicle.truck
20 72 16583.0 13443.0 vehicle.car
20 73 17011.0 13471.0 vehicle.car
20 74 17004.0 13126.0 vehicle.trailer
20 76 17174.0 13248.0 vehicle.car
20 77 17114.0 13132.0 vehicle.trailer
20 79 16275.0 13488.0 vehicle.trailer
20 80 16902.0 13473.0 vehicle.car
20 81 16984.0 13482.0 vehicle.car
20 82 16728.0 13222.0 vehicle.trailer
20 83 16846.0 13472.0 vehicle.car
20 84 16838.0 13220.0 vehicle.car
20 86 16553.0 13451.0 vehicle.car
20 87 16839.0 13190.0 vehicle.car
20 88 16929.0 13474.0 vehicle.car
20 89 16504.0 13149.0 vehicle.car
20 90 16606.0 13447.0 vehicle.car
20 91 16835.0 13302.0 vehicle.bicycle
20 92 16840.0 13162.0 vehicle.car
20 93 16930.0 13102.0 vehicle.truck
20 94 16696.0 13250.0 vehicle.truck
20 95 16657.0 13137.0 vehicle.trailer
20 96 16369.0 13406.0 vehicle.car
20 97 16666.0 13639.0 vehicle.car
20 98 16276.0 13408.0 vehicle.car
20 99 16063.0 13175.0 vehicle.car
20 100 16693.0 13138.0 vehicle.trailer
20 101 16745.0 13637.0 vehicle.car
21 0 16757.0 13339.0 vehicle.ego
21 9 17064.0 13334.0 vehicle.car
21 12 16763.0 13215.0 vehicle.trailer
21 15 17249.0 13447.0 vehicle.car
21 35 17200.0 13454.0 vehicle.car
21 41 16676.0 13467.0 vehicle.car
21 50 17005.0 13230.0 vehicle.truck
21 56 16792.0 13453.0 vehicle.car
21 58 16762.0 13456.0 vehicle.car
21 59 17201.0 13268.0 vehicle.car
21 63 16956.0 13477.0 vehicle.car
21 66 17041.0 13126.0 vehicle.trailer
21 67 16817.0 13468.0 vehicle.car
21 68 16876.0 13471.0 vehicle.car
21 69 17077.0 13143.0 vehicle.trailer
21 70 16838.0 13249.0 vehicle.car
21 71 17045.0 13233.0 vehicle.truck
21 72 16583.0 13443.0 vehicle.car
21 73 17011.0 13471.0 vehicle.car
21 74 17004.0 13126.0 vehicle.trailer
21 79 16275.0 13487.0 vehicle.trailer
21 80 16902.0 13473.0 vehicle.car
21 81 16984.0 13482.0 vehicle.car
21 82 16728.0 13222.0 vehicle.trailer
21 83 16846.0 13472.0 vehicle.car
21 84 16838.0 13220.0 vehicle.car
21 86 16553.0 13451.0 vehicle.car
21 87 16839.0 13190.0 vehicle.car
21 88 16929.0 13474.0 vehicle.car
21 89 16504.0 13149.0 vehicle.car
21 90 16606.0 13447.0 vehicle.car
21 91 16835.0 13302.0 vehicle.bicycle
21 93 16930.0 13102.0 vehicle.truck
21 94 16696.0 13250.0 vehicle.truck
21 95 16657.0 13137.0 vehicle.trailer
21 96 16371.0 13407.0 vehicle.car
21 97 16667.0 13639.0 vehicle.car
21 98 16276.0 13408.0 vehicle.car
21 99 16063.0 13176.0 vehicle.car
21 100 16693.0 13141.0 vehicle.trailer
21 101 16745.0 13637.0 vehicle.car
21 102 16719.0 13637.0 vehicle.car
21 103 16217.0 13417.0 vehicle.car
21 104 16018.0 13320.0 human.pedestrian.adult
21 105 16526.0 13453.0 vehicle.car
21 106 16429.0 13192.0 vehicle.car
22 0 16708.0 13339.0 vehicle.ego
22 9 17013.0 13334.0 vehicle.car
22 12 16763.0 13215.0 vehicle.trailer
22 15 17249.0 13447.0 vehicle.car
22 35 17200.0 13454.0 vehicle.car
22 41 16677.0 13467.0 vehicle.car
22 50 17005.0 13230.0 vehicle.truck
22 56 16792.0 13453.0 vehicle.car
22 58 16762.0 13456.0 vehicle.car
22 63 16956.0 13477.0 vehicle.car
22 66 17042.0 13125.0 vehicle.trailer
22 67 16817.0 13468.0 vehicle.car
22 68 16876.0 13471.0 vehicle.car
22 70 16838.0 13249.0 vehicle.car
22 71 17045.0 13233.0 vehicle.truck
22 72 16583.0 13443.0 vehicle.car
22 73 17011.0 13471.0 vehicle.car
22 74 17004.0 13126.0 vehicle.trailer
22 79 16276.0 13487.0 vehicle.trailer
22 80 16902.0 13473.0 vehicle.car
22 81 16984.0 13482.0 vehicle.car
22 82 16728.0 13222.0 vehicle.trailer
22 83 16846.0 13472.0 vehicle.car
22 84 16838.0 13220.0 vehicle.car
22 86 16553.0 13451.0 vehicle.car
22 87 16839.0 13190.0 vehicle.car
22 88 16929.0 13474.0 vehicle.car
22 89 16504.0 13149.0 vehicle.car
22 90 16606.0 13447.0 vehicle.car
22 91 16836.0 13302.0 vehicle.bicycle
22 94 16696.0 13251.0 vehicle.truck
22 95 16657.0 13137.0 vehicle.trailer
22 96 16372.0 13408.0 vehicle.car
22 97 16668.0 13639.0 vehicle.car
22 98 16276.0 13408.0 vehicle.car
22 99 16063.0 13177.0 vehicle.car
22 100 16694.0 13137.0 vehicle.trailer
22 102 16719.0 13637.0 vehicle.car
22 103 16217.0 13417.0 vehicle.car
22 104 16019.0 13316.0 human.pedestrian.adult
22 105 16526.0 13453.0 vehicle.car
22 106 16429.0 13192.0 vehicle.car
22 107 16179.0 13423.0 vehicle.car
22 108 16437.0 13157.0 vehicle.car
22 109 16693.0 13634.0 vehicle.car
23 0 16669.0 13339.0 vehicle.ego
23 9 16966.0 13335.0 vehicle.car
23 12 16763.0 13215.0 vehicle.trailer
23 15 17249.0 13447.0 vehicle.car
23 35 17200.0 13454.0 vehicle.car
23 41 16677.0 13467.0 vehicle.car
23 50 17005.0 13230.0 vehicle.truck
23 56 16792.0 13453.0 vehicle.car
23 58 16762.0 13456.0 vehicle.car
23 63 16956.0 13477.0 vehicle.car
23 67 16817.0 13468.0 vehicle.car
23 68 16876.0 13471.0 vehicle.car
23 70 16838.0 13249.0 vehicle.car
23 71 17045.0 13233.0 vehicle.truck
23 72 16583.0 13443.0 vehicle.car
23 73 17011.0 13471.0 vehicle.car
23 79 16277.0 13487.0 vehicle.trailer
23 80 16902.0 13473.0 vehicle.car
23 81 16984.0 13482.0 vehicle.car
23 82 16728.0 13222.0 vehicle.trailer
23 83 16846.0 13472.0 vehicle.car
23 84 16838.0 13220.0 vehicle.car
23 86 16553.0 13451.0 vehicle.car
23 87 16839.0 13190.0 vehicle.car
23 89 16504.0 13149.0 vehicle.car
23 90 16606.0 13447.0 vehicle.car
23 91 16836.0 13302.0 vehicle.bicycle
23 94 16696.0 13251.0 vehicle.truck
23 95 16657.0 13137.0 vehicle.trailer
23 96 16372.0 13408.0 vehicle.car
23 97 16669.0 13639.0 vehicle.car
23 98 16276.0 13409.0 vehicle.car
23 99 16063.0 13178.0 vehicle.car
23 100 16695.0 13133.0 vehicle.trailer
23 103 16217.0 13417.0 vehicle.car
23 104 16019.0 13311.0 human.pedestrian.adult
23 105 16526.0 13453.0 vehicle.car
23 106 16429.0 13192.0 vehicle.car
23 107 16179.0 13423.0 vehicle.car
23 108 16437.0 13157.0 vehicle.car
24 0 16619.0 13338.0 vehicle.ego
24 9 16920.0 13335.0 vehicle.car
24 12 16763.0 13215.0 vehicle.trailer
24 15 17249.0 13447.0 vehicle.car
24 41 16677.0 13467.0 vehicle.car
24 50 17005.0 13231.0 vehicle.truck
24 56 16792.0 13453.0 vehicle.car
24 58 16762.0 13456.0 vehicle.car
24 68 16876.0 13471.0 vehicle.car
24 70 16838.0 13249.0 vehicle.car
24 72 16583.0 13443.0 vehicle.car
24 73 17011.0 13471.0 vehicle.car
24 79 16277.0 13488.0 vehicle.trailer
24 80 16902.0 13473.0 vehicle.car
24 81 16984.0 13482.0 vehicle.car
24 82 16728.0 13222.0 vehicle.trailer
24 83 16846.0 13472.0 vehicle.car
24 86 16553.0 13451.0 vehicle.car
24 89 16502.0 13149.0 vehicle.car
24 90 16606.0 13447.0 vehicle.car
24 91 16837.0 13302.0 vehicle.bicycle
24 94 16696.0 13252.0 vehicle.truck
24 95 16657.0 13137.0 vehicle.trailer
24 96 16372.0 13408.0 vehicle.car
24 98 16276.0 13409.0 vehicle.car
24 99 16063.0 13178.0 vehicle.car
24 100 16694.0 13134.0 vehicle.trailer
24 103 16218.0 13417.0 vehicle.car
24 104 16020.0 13307.0 human.pedestrian.adult
24 105 16526.0 13453.0 vehicle.car
24 106 16429.0 13192.0 vehicle.car
24 107 16179.0 13423.0 vehicle.car
24 108 16436.0 13158.0 vehicle.car
24 110 16242.0 13402.0 vehicle.car
25 0 16575.0 13336.0 vehicle.ego
25 9 16874.0 13335.0 vehicle.car
25 12 16763.0 13215.0 vehicle.trailer
25 41 16678.0 13467.0 vehicle.car
25 50 17005.0 13231.0 vehicle.truck
25 56 16792.0 13453.0 vehicle.car
25 58 16762.0 13456.0 vehicle.car
25 70 16838.0 13249.0 vehicle.car
25 72 16583.0 13443.0 vehicle.car
25 73 17011.0 13471.0 vehicle.car
25 79 16277.0 13489.0 vehicle.trailer
25 80 16902.0 13473.0 vehicle.car
25 82 16728.0 13222.0 vehicle.trailer
25 83 16846.0 13472.0 vehicle.car
25 86 16553.0 13451.0 vehicle.car
25 89 16502.0 13149.0 vehicle.car
25 90 16606.0 13447.0 vehicle.car
25 91 16837.0 13302.0 vehicle.bicycle
25 94 16696.0 13251.0 vehicle.truck
25 95 16657.0 13137.0 vehicle.trailer
25 96 16371.0 13409.0 vehicle.car
25 98 16276.0 13409.0 vehicle.car
25 99 16064.0 13179.0 vehicle.car
25 100 16693.0 13135.0 vehicle.trailer
25 103 16218.0 13417.0 vehicle.car
25 104 16020.0 13303.0 human.pedestrian.adult
25 105 16526.0 13453.0 vehicle.car
25 106 16429.0 13192.0 vehicle.car
25 107 16179.0 13423.0 vehicle.car
25 108 16436.0 13158.0 vehicle.car
25 110 16242.0 13402.0 vehicle.car
25 111 16267.0 13106.0 human.pedestrian.adult
26 0 16526.0 13332.0 vehicle.ego
26 9 16827.0 13335.0 vehicle.car
26 12 16763.0 13215.0 vehicle.trailer
26 41 16678.0 13468.0 vehicle.car
26 56 16792.0 13453.0 vehicle.car
26 58 16762.0 13456.0 vehicle.car
26 70 16838.0 13249.0 vehicle.car
26 72 16583.0 13443.0 vehicle.car
26 73 17011.0 13471.0 vehicle.car
26 79 16277.0 13490.0 vehicle.trailer
26 80 16902.0 13473.0 vehicle.car
26 82 16728.0 13222.0 vehicle.trailer
26 86 16553.0 13451.0 vehicle.car
26 89 16502.0 13149.0 vehicle.car
26 90 16606.0 13447.0 vehicle.car
26 91 16837.0 13302.0 vehicle.bicycle
26 94 16696.0 13251.0 vehicle.truck
26 95 16657.0 13137.0 vehicle.trailer
26 96 16371.0 13409.0 vehicle.car
26 98 16276.0 13409.0 vehicle.car
26 99 16064.0 13180.0 vehicle.car
26 100 16693.0 13135.0 vehicle.trailer
26 103 16218.0 13417.0 vehicle.car
26 104 16021.0 13300.0 human.pedestrian.adult
26 105 16526.0 13453.0 vehicle.car
26 106 16429.0 13192.0 vehicle.car
26 107 16179.0 13423.0 vehicle.car
26 108 16436.0 13158.0 vehicle.car
26 110 16242.0 13402.0 vehicle.car
26 111 16267.0 13106.0 human.pedestrian.adult
27 0 16480.0 13325.0 vehicle.ego
27 9 16777.0 13336.0 vehicle.car
27 12 16763.0 13215.0 vehicle.trailer
27 41 16679.0 13468.0 vehicle.car
27 56 16792.0 13453.0 vehicle.car
27 58 16762.0 13456.0 vehicle.car
27 70 16838.0 13249.0 vehicle.car
27 72 16583.0 13443.0 vehicle.car
27 73 17011.0 13471.0 vehicle.car
27 79 16277.0 13490.0 vehicle.trailer
27 80 16902.0 13473.0 vehicle.car
27 82 16728.0 13222.0 vehicle.trailer
27 86 16553.0 13451.0 vehicle.car
27 89 16503.0 13149.0 vehicle.car
27 90 16606.0 13447.0 vehicle.car
27 91 16837.0 13302.0 vehicle.bicycle
27 94 16696.0 13250.0 vehicle.truck
27 95 16657.0 13137.0 vehicle.trailer
27 96 16371.0 13409.0 vehicle.car
27 98 16276.0 13409.0 vehicle.car
27 99 16064.0 13180.0 vehicle.car
27 100 16694.0 13136.0 vehicle.trailer
27 103 16218.0 13417.0 vehicle.car
27 104 16022.0 13295.0 human.pedestrian.adult
27 105 16526.0 13453.0 vehicle.car
27 106 16429.0 13192.0 vehicle.car
27 107 16179.0 13423.0 vehicle.car
27 108 16436.0 13158.0 vehicle.car
27 110 16242.0 13402.0 vehicle.car
27 111 16267.0 13106.0 human.pedestrian.adult
27 112 16250.0 13022.0 human.pedestrian.adult
28 0 16436.0 13316.0 vehicle.ego
28 9 16726.0 13336.0 vehicle.car
28 12 16763.0 13215.0 vehicle.trailer
28 41 16680.0 13468.0 vehicle.car
28 58 16762.0 13456.0 vehicle.car
28 70 16838.0 13249.0 vehicle.car
28 72 16583.0 13443.0 vehicle.car
28 73 17011.0 13471.0 vehicle.car
28 79 16277.0 13490.0 vehicle.trailer
28 80 16902.0 13473.0 vehicle.car
28 82 16728.0 13222.0 vehicle.trailer
28 86 16553.0 13451.0 vehicle.car
28 89 16503.0 13149.0 vehicle.car
28 90 16606.0 13447.0 vehicle.car
28 91 16837.0 13301.0 vehicle.bicycle
28 94 16696.0 13250.0 vehicle.truck
28 95 16657.0 13137.0 vehicle.trailer
28 96 16370.0 13410.0 vehicle.car
28 98 16276.0 13409.0 vehicle.car
28 99 16063.0 13180.0 vehicle.car
28 100 16695.0 13137.0 vehicle.trailer
28 103 16218.0 13417.0 vehicle.car
28 104 16023.0 13290.0 human.pedestrian.adult
28 105 16526.0 13453.0 vehicle.car
28 106 16429.0 13192.0 vehicle.car
28 107 16179.0 13423.0 vehicle.car
28 108 16436.0 13158.0 vehicle.car
28 110 16242.0 13402.0 vehicle.car
28 111 16267.0 13106.0 human.pedestrian.adult
28 112 16253.0 13016.0 human.pedestrian.adult
29 0 16394.0 13304.0 vehicle.ego
29 9 16682.0 13335.0 vehicle.car
29 41 16681.0 13468.0 vehicle.car
29 58 16762.0 13456.0 vehicle.car
29 72 16583.0 13443.0 vehicle.car
29 79 16277.0 13491.0 vehicle.trailer
29 80 16902.0 13473.0 vehicle.car
29 82 16728.0 13222.0 vehicle.trailer
29 86 16553.0 13451.0 vehicle.car
29 89 16504.0 13149.0 vehicle.car
29 90 16606.0 13446.0 vehicle.car
29 94 16696.0 13250.0 vehicle.truck
29 95 16657.0 13137.0 vehicle.trailer
29 96 16370.0 13410.0 vehicle.car
29 98 16276.0 13409.0 vehicle.car
29 99 16063.0 13181.0 vehicle.car
29 100 16694.0 13137.0 vehicle.trailer
29 103 16218.0 13417.0 vehicle.car
29 104 16024.0 13285.0 human.pedestrian.adult
29 105 16526.0 13453.0 vehicle.car
29 106 16429.0 13192.0 vehicle.car
29 107 16179.0 13423.0 vehicle.car
29 108 16435.0 13158.0 vehicle.car
29 110 16242.0 13402.0 vehicle.car
29 111 16267.0 13106.0 human.pedestrian.adult
29 112 16257.0 13009.0 human.pedestrian.adult
30 0 16362.0 13293.0 vehicle.ego
30 9 16638.0 13334.0 vehicle.car
30 41 16681.0 13468.0 vehicle.car
30 58 16762.0 13456.0 vehicle.car
30 72 16583.0 13443.0 vehicle.car
30 79 16278.0 13491.0 vehicle.trailer
30 80 16902.0 13473.0 vehicle.car
30 82 16728.0 13222.0 vehicle.trailer
30 86 16553.0 13451.0 vehicle.car
30 89 16504.0 13149.0 vehicle.car
30 90 16606.0 13446.0 vehicle.car
30 94 16696.0 13250.0 vehicle.truck
30 95 16657.0 13137.0 vehicle.trailer
30 96 16370.0 13410.0 vehicle.car
30 98 16276.0 13409.0 vehicle.car
30 99 16063.0 13181.0 vehicle.car
30 100 16694.0 13137.0 vehicle.trailer
30 103 16218.0 13417.0 vehicle.car
30 104 16026.0 13281.0 human.pedestrian.adult
30 105 16526.0 13453.0 vehicle.car
30 106 16429.0 13192.0 vehicle.car
30 107 16179.0 13423.0 vehicle.car
30 108 16435.0 13158.0 vehicle.car
30 110 16242.0 13402.0 vehicle.car
30 111 16267.0 13106.0 human.pedestrian.adult
30 112 16261.0 13002.0 human.pedestrian.adult
30 113 16240.0 12684.0 vehicle.car
31 0 16324.0 13276.0 vehicle.ego
31 9 16597.0 13334.0 vehicle.car
31 41 16682.0 13468.0 vehicle.car
31 58 16762.0 13456.0 vehicle.car
31 72 16583.0 13443.0 vehicle.car
31 79 16278.0 13491.0 vehicle.trailer
31 82 16728.0 13222.0 vehicle.trailer
31 86 16553.0 13451.0 vehicle.car
31 89 16505.0 13149.0 vehicle.car
31 90 16606.0 13446.0 vehicle.car
31 94 16696.0 13250.0 vehicle.truck
31 95 16657.0 13137.0 vehicle.trailer
31 96 16370.0 13410.0 vehicle.car
31 98 16276.0 13408.0 vehicle.car
31 99 16063.0 13181.0 vehicle.car
31 100 16693.0 13137.0 vehicle.trailer
31 103 16218.0 13417.0 vehicle.car
31 104 16027.0 13276.0 human.pedestrian.adult
31 105 16526.0 13453.0 vehicle.car
31 106 16429.0 13192.0 vehicle.car
31 107 16179.0 13423.0 vehicle.car
31 108 16435.0 13158.0 vehicle.car
31 110 16243.0 13402.0 vehicle.car
31 111 16267.0 13106.0 human.pedestrian.adult
31 112 16265.0 12995.0 human.pedestrian.adult
31 113 16240.0 12681.0 vehicle.car
32 0 16288.0 13256.0 vehicle.ego
32 9 16557.0 13332.0 vehicle.car
32 41 16682.0 13468.0 vehicle.car
32 58 16762.0 13456.0 vehicle.car
32 72 16583.0 13443.0 vehicle.car
32 79 16278.0 13491.0 vehicle.trailer
32 82 16728.0 13222.0 vehicle.trailer
32 86 16553.0 13451.0 vehicle.car
32 89 16505.0 13149.0 vehicle.car
32 90 16606.0 13446.0 vehicle.car
32 94 16696.0 13250.0 vehicle.truck
32 95 16657.0 13137.0 vehicle.trailer
32 96 16370.0 13409.0 vehicle.car
32 98 16276.0 13407.0 vehicle.car
32 99 16063.0 13181.0 vehicle.car
32 103 16218.0 13417.0 vehicle.car
32 104 16027.0 13270.0 human.pedestrian.adult
32 105 16526.0 13453.0 vehicle.car
32 106 16429.0 13192.0 vehicle.car
32 107 16179.0 13423.0 vehicle.car
32 108 16435.0 13158.0 vehicle.car
32 110 16243.0 13402.0 vehicle.car
32 111 16267.0 13106.0 human.pedestrian.adult
32 112 16269.0 12989.0 human.pedestrian.adult
32 113 16241.0 12679.0 vehicle.car
33 0 16257.0 13235.0 vehicle.ego
33 9 16516.0 13327.0 vehicle.car
33 41 16682.0 13467.0 vehicle.car
33 72 16583.0 13443.0 vehicle.car
33 79 16278.0 13491.0 vehicle.trailer
33 82 16728.0 13222.0 vehicle.trailer
33 86 16553.0 13451.0 vehicle.car
33 89 16505.0 13149.0 vehicle.car
33 90 16606.0 13446.0 vehicle.car
33 94 16696.0 13250.0 vehicle.truck
33 95 16657.0 13137.0 vehicle.trailer
33 96 16370.0 13409.0 vehicle.car
33 98 16275.0 13406.0 vehicle.car
33 99 16064.0 13181.0 vehicle.car
33 103 16218.0 13417.0 vehicle.car
33 104 16027.0 13264.0 human.pedestrian.adult
33 105 16526.0 13453.0 vehicle.car
33 106 16429.0 13192.0 vehicle.car
33 107 16179.0 13422.0 vehicle.car
33 108 16435.0 13158.0 vehicle.car
33 110 16243.0 13402.0 vehicle.car
33 111 16267.0 13106.0 human.pedestrian.adult
33 112 16274.0 12982.0 human.pedestrian.adult
33 113 16242.0 12676.0 vehicle.car
34 0 16227.0 13212.0 vehicle.ego
34 9 16466.0 13316.0 vehicle.car
34 41 16682.0 13467.0 vehicle.car
34 72 16583.0 13443.0 vehicle.car
34 79 16278.0 13491.0 vehicle.trailer
34 82 16728.0 13222.0 vehicle.trailer
34 86 16553.0 13451.0 vehicle.car
34 89 16505.0 13149.0 vehicle.car
34 90 16606.0 13446.0 vehicle.car
34 94 16696.0 13250.0 vehicle.truck
34 95 16657.0 13137.0 vehicle.trailer
34 96 16370.0 13409.0 vehicle.car
34 98 16275.0 13405.0 vehicle.car
34 99 16064.0 13181.0 vehicle.car
34 103 16218.0 13417.0 vehicle.car
34 104 16028.0 13258.0 human.pedestrian.adult
34 105 16526.0 13453.0 vehicle.car
34 106 16429.0 13192.0 vehicle.car
34 107 16179.0 13422.0 vehicle.car
34 108 16435.0 13157.0 vehicle.car
34 110 16243.0 13402.0 vehicle.car
34 111 16267.0 13106.0 human.pedestrian.adult
34 112 16278.0 12975.0 human.pedestrian.adult
34 113 16242.0 12674.0 vehicle.car
35 0 16201.0 13185.0 vehicle.ego
35 9 16417.0 13302.0 vehicle.car
35 41 16682.0 13466.0 vehicle.car
35 72 16583.0 13443.0 vehicle.car
35 79 16278.0 13491.0 vehicle.trailer
35 82 16728.0 13222.0 vehicle.trailer
35 86 16553.0 13451.0 vehicle.car
35 89 16505.0 13149.0 vehicle.car
35 90 16606.0 13446.0 vehicle.car
35 94 16696.0 13250.0 vehicle.truck
35 95 16657.0 13137.0 vehicle.trailer
35 96 16370.0 13409.0 vehicle.car
35 98 16275.0 13405.0 vehicle.car
35 99 16065.0 13181.0 vehicle.car
35 103 16218.0 13417.0 vehicle.car
35 104 16028.0 13252.0 human.pedestrian.adult
35 105 16526.0 13453.0 vehicle.car
35 106 16429.0 13192.0 vehicle.car
35 107 16179.0 13422.0 vehicle.car
35 108 16435.0 13157.0 vehicle.car
35 110 16243.0 13402.0 vehicle.car
35 111 16267.0 13106.0 human.pedestrian.adult
35 112 16282.0 12968.0 human.pedestrian.adult
35 113 16244.0 12672.0 vehicle.car
35 114 16036.0 13686.0 vehicle.car
35 115 16373.0 12437.0 vehicle.car
36 0 16178.0 13157.0 vehicle.ego
36 9 16369.0 13284.0 vehicle.car
36 41 16682.0 13465.0 vehicle.car
36 72 16583.0 13443.0 vehicle.car
36 79 16278.0 13490.0 vehicle.trailer
36 82 16728.0 13222.0 vehicle.trailer
36 86 16553.0 13451.0 vehicle.car
36 89 16506.0 13149.0 vehicle.car
36 90 16606.0 13446.0 vehicle.car
36 94 16696.0 13250.0 vehicle.truck
36 95 16657.0 13137.0 vehicle.trailer
36 96 16370.0 13409.0 vehicle.car
36 98 16276.0 13405.0 vehicle.car
36 99 16065.0 13181.0 vehicle.car
36 103 16218.0 13417.0 vehicle.car
36 104 16027.0 13246.0 human.pedestrian.adult
36 105 16526.0 13453.0 vehicle.car
36 106 16429.0 13192.0 vehicle.car
36 107 16179.0 13422.0 vehicle.car
36 108 16435.0 13156.0 vehicle.car
36 110 16243.0 13402.0 vehicle.car
36 111 16267.0 13106.0 human.pedestrian.adult
36 112 16286.0 12961.0 human.pedestrian.adult
36 113 16245.0 12670.0 vehicle.car
36 114 16036.0 13686.0 vehicle.car
36 115 16373.0 12437.0 vehicle.car
37 0 16158.0 13127.0 vehicle.ego
37 9 16330.0 13266.0 vehicle.car
37 41 16682.0 13464.0 vehicle.car
37 72 16583.0 13443.0 vehicle.car
37 79 16278.0 13490.0 vehicle.trailer
37 82 16728.0 13222.0 vehicle.trailer
37 86 16553.0 13451.0 vehicle.car
37 89 16506.0 13149.0 vehicle.car
37 90 16606.0 13446.0 vehicle.car
37 94 16696.0 13250.0 vehicle.truck
37 95 16657.0 13137.0 vehicle.trailer
37 96 16370.0 13409.0 vehicle.car
37 98 16276.0 13404.0 vehicle.car
37 99 16065.0 13180.0 vehicle.car
37 103 16218.0 13417.0 vehicle.car
37 104 16027.0 13239.0 human.pedestrian.adult
37 106 16429.0 13192.0 vehicle.car
37 107 16178.0 13422.0 vehicle.car
37 108 16435.0 13155.0 vehicle.car
37 110 16243.0 13401.0 vehicle.car
37 111 16267.0 13106.0 human.pedestrian.adult
37 112 16292.0 12955.0 human.pedestrian.adult
37 113 16247.0 12668.0 vehicle.car
37 114 16036.0 13687.0 vehicle.car
37 115 16373.0 12437.0 vehicle.car
38 0 16143.0 13096.0 vehicle.ego
38 9 16292.0 13245.0 vehicle.car
38 41 16682.0 13463.0 vehicle.car
38 79 16278.0 13490.0 vehicle.trailer
38 82 16728.0 13222.0 vehicle.trailer
38 89 16506.0 13149.0 vehicle.car
38 94 16696.0 13249.0 vehicle.truck
38 95 16657.0 13137.0 vehicle.trailer
38 96 16370.0 13409.0 vehicle.car
38 98 16276.0 13404.0 vehicle.car
38 99 16065.0 13180.0 vehicle.car
38 103 16218.0 13417.0 vehicle.car
38 106 16429.0 13192.0 vehicle.car
38 107 16178.0 13422.0 vehicle.car
38 108 16435.0 13155.0 vehicle.car
38 110 16244.0 13401.0 vehicle.car
38 111 16267.0 13106.0 human.pedestrian.adult
38 112 16296.0 12948.0 human.pedestrian.adult
38 113 16249.0 12667.0 vehicle.car
38 114 16036.0 13687.0 vehicle.car
38 115 16373.0 12437.0 vehicle.car
39 0 16132.0 13065.0 vehicle.ego
39 9 16256.0 13222.0 vehicle.car
39 79 16278.0 13489.0 vehicle.trailer
39 82 16728.0 13222.0 vehicle.trailer
39 89 16505.0 13149.0 vehicle.car
39 94 16696.0 13249.0 vehicle.truck
39 95 16657.0 13137.0 vehicle.trailer
39 96 16370.0 13409.0 vehicle.car
39 98 16276.0 13404.0 vehicle.car
39 99 16065.0 13179.0 vehicle.car
39 103 16218.0 13417.0 vehicle.car
39 106 16429.0 13192.0 vehicle.car
39 107 16178.0 13422.0 vehicle.car
39 108 16435.0 13155.0 vehicle.car
39 110 16244.0 13401.0 vehicle.car
39 111 16267.0 13106.0 human.pedestrian.adult
39 112 16300.0 12941.0 human.pedestrian.adult
39 113 16252.0 12665.0 vehicle.car
39 114 16036.0 13687.0 vehicle.car
39 115 16373.0 12437.0 vehicle.car
