0 0 11323.0 14028.0 vehicle.ego
1 0 11304.0 14064.0 vehicle.ego
2 0 11283.0 14102.0 vehicle.ego
3 0 11263.0 14140.0 vehicle.ego
4 0 11242.0 14177.0 vehicle.ego
5 0 11222.0 14213.0 vehicle.ego
6 0 11202.0 14247.0 vehicle.ego
7 0 11185.0 14278.0 vehicle.ego
7 1 10603.0 14425.0 vehicle.car
8 0 11165.0 14310.0 vehicle.ego
8 1 10836.0 14617.0 vehicle.car
8 2 10744.0 14497.0 vehicle.car
9 0 11147.0 14341.0 vehicle.ego
9 1 10883.0 14655.0 vehicle.car
9 2 10827.0 14540.0 vehicle.car
10 0 11128.0 14371.0 vehicle.ego
10 1 10934.0 14696.0 vehicle.car
10 2 10854.0 14545.0 vehicle.car
10 3 10376.0 14322.0 vehicle.car
11 0 11111.0 14399.0 vehicle.ego
11 1 10985.0 14741.0 vehicle.car
11 2 10881.0 14545.0 vehicle.car
11 3 10353.0 14311.0 vehicle.car
12 0 11093.0 14426.0 vehicle.ego
12 1 11029.0 14780.0 vehicle.car
12 2 10908.0 14542.0 vehicle.car
12 3 10337.0 14307.0 vehicle.car
13 0 11076.0 14452.0 vehicle.ego
13 1 11085.0 14827.0 vehicle.car
13 2 10934.0 14534.0 vehicle.car
13 3 10324.0 14305.0 vehicle.car
14 0 11060.0 14476.0 vehicle.ego
14 1 11136.0 14881.0 vehicle.car
14 2 10954.0 14525.0 vehicle.car
15 0 11044.0 14498.0 vehicle.ego
15 1 11183.0 14930.0 vehicle.car
15 2 10982.0 14508.0 vehicle.car
16 0 11033.0 14514.0 vehicle.ego
16 1 11319.0 15065.0 vehicle.car
16 2 11007.0 14487.0 vehicle.car
17 0 11018.0 14537.0 vehicle.ego
17 2 11029.0 14464.0 vehicle.car
18 0 11007.0 14554.0 vehicle.ego
18 2 11051.0 14436.0 vehicle.car
19 0 10997.0 14569.0 vehicle.ego
19 2 11071.0 14407.0 vehicle.car
20 0 10989.0 14580.0 vehicle.ego
20 2 11091.0 14377.0 vehicle.car
21 0 10983.0 14590.0 vehicle.ego
21 2 11109.0 14346.0 vehicle.car
22 0 10979.0 14597.0 vehicle.ego
22 2 11146.0 14280.0 vehicle.car
23 0 10975.0 14601.0 vehicle.ego
23 2 11165.0 14247.0 vehicle.car
24 0 10974.0 14604.0 vehicle.ego
24 2 11224.0 14140.0 vehicle.car
25 0 10973.0 14605.0 vehicle.ego
25 2 11242.0 14108.0 vehicle.car
26 0 10973.0 14604.0 vehicle.ego
26 2 11261.0 14077.0 vehicle.car
27 0 10973.0 14604.0 vehicle.ego
28 0 10972.0 14606.0 vehicle.ego
28 4 10104.0 14246.0 vehicle.car
29 0 10970.0 14609.0 vehicle.ego
29 4 10104.0 14246.0 vehicle.car
30 0 10966.0 14614.0 vehicle.ego
30 4 10104.0 14246.0 vehicle.car
31 0 10959.0 14622.0 vehicle.ego
31 4 10104.0 14246.0 vehicle.car
32 0 10948.0 14632.0 vehicle.ego
32 4 10104.0 14246.0 vehicle.car
33 0 10931.0 14643.0 vehicle.ego
34 0 10917.0 14648.0 vehicle.ego
35 0 10896.0 14651.0 vehicle.ego
36 0 10873.0 14650.0 vehicle.ego
37 0 10848.0 14644.0 vehicle.ego
38 0 10822.0 14634.0 vehicle.ego
