0 0 22654.0 13239.0 vehicle.ego
1 0 22616.0 13240.0 vehicle.ego
2 0 22578.0 13241.0 vehicle.ego
3 0 22549.0 13241.0 vehicle.ego
4 0 22512.0 13242.0 vehicle.ego
5 0 22476.0 13243.0 vehicle.ego
6 0 22443.0 13244.0 vehicle.ego
7 0 22405.0 13244.0 vehicle.ego
8 0 22365.0 13245.0 vehicle.ego
9 0 22327.0 13246.0 vehicle.ego
10 0 22290.0 13247.0 vehicle.ego
11 0 22244.0 13248.0 vehicle.ego
12 0 22206.0 13249.0 vehicle.ego
13 0 22169.0 13250.0 vehicle.ego
14 0 22132.0 13251.0 vehicle.ego
15 0 22094.0 13252.0 vehicle.ego
16 0 22056.0 13253.0 vehicle.ego
17 0 22018.0 13254.0 vehicle.ego
18 0 21981.0 13255.0 vehicle.ego
19 0 21943.0 13256.0 vehicle.ego
20 0 21903.0 13256.0 vehicle.ego
21 0 21871.0 13257.0 vehicle.ego
22 0 21833.0 13258.0 vehicle.ego
23 0 21795.0 13259.0 vehicle.ego
24 0 21757.0 13259.0 vehicle.ego
25 0 21722.0 13260.0 vehicle.ego
26 0 21683.0 13261.0 vehicle.ego
27 0 21647.0 13262.0 vehicle.ego
28 0 21612.0 13263.0 vehicle.ego
29 0 21576.0 13264.0 vehicle.ego
30 0 21542.0 13265.0 vehicle.ego
31 0 21506.0 13266.0 vehicle.ego
32 0 21470.0 13268.0 vehicle.ego
33 0 21433.0 13269.0 vehicle.ego
34 0 21404.0 13269.0 vehicle.ego
35 0 21365.0 13270.0 vehicle.ego
36 0 21327.0 13271.0 vehicle.ego
37 0 21286.0 13271.0 vehicle.ego
38 0 21245.0 13272.0 vehicle.ego
39 0 21203.0 13272.0 vehicle.ego
