0 0 14274.0 11767.0 vehicle.ego
0 1 14248.0 12167.0 vehicle.car
0 2 14505.0 11725.0 vehicle.car
0 3 13758.0 11491.0 vehicle.car
0 4 14175.0 11822.0 vehicle.car
0 5 14073.0 11779.0 vehicle.car
0 6 14551.0 11669.0 vehicle.car
0 7 14515.0 11651.0 vehicle.truck
1 0 14233.0 11732.0 vehicle.ego
1 1 14241.0 12171.0 vehicle.car
1 2 14504.0 11725.0 vehicle.car
1 3 13817.0 11543.0 vehicle.car
1 4 14258.0 11898.0 vehicle.car
1 5 14151.0 11849.0 vehicle.car
1 7 14515.0 11651.0 vehicle.truck
2 0 14193.0 11697.0 vehicle.ego
2 1 14233.0 12175.0 vehicle.car
2 2 14504.0 11725.0 vehicle.car
2 3 13876.0 11594.0 vehicle.car
2 4 14340.0 11975.0 vehicle.car
2 5 14225.0 11915.0 vehicle.car
2 7 14515.0 11651.0 vehicle.truck
2 8 13707.0 11458.0 vehicle.car
3 0 14155.0 11664.0 vehicle.ego
3 1 14221.0 12182.0 vehicle.car
3 2 14504.0 11725.0 vehicle.car
3 3 13936.0 11647.0 vehicle.car
3 4 14419.0 12047.0 vehicle.car
3 5 14297.0 11979.0 vehicle.car
3 7 14515.0 11651.0 vehicle.truck
3 8 13755.0 11505.0 vehicle.car
4 0 14125.0 11637.0 vehicle.ego
4 1 14223.0 12181.0 vehicle.car
4 2 14504.0 11725.0 vehicle.car
4 3 13983.0 11689.0 vehicle.car
4 4 14485.0 12109.0 vehicle.car
4 7 14515.0 11651.0 vehicle.truck
4 8 13807.0 11546.0 vehicle.car
5 0 14088.0 11605.0 vehicle.ego
5 1 14217.0 12184.0 vehicle.car
5 2 14504.0 11725.0 vehicle.car
5 3 14048.0 11747.0 vehicle.car
5 8 13865.0 11597.0 vehicle.car
5 9 13707.0 11440.0 vehicle.car
6 0 14052.0 11573.0 vehicle.ego
6 1 14205.0 12190.0 vehicle.car
6 3 14110.0 11801.0 vehicle.car
6 8 13922.0 11648.0 vehicle.car
6 9 13757.0 11486.0 vehicle.car
7 0 14020.0 11545.0 vehicle.ego
7 1 14201.0 12193.0 vehicle.car
7 3 14166.0 11852.0 vehicle.car
7 8 13978.0 11698.0 vehicle.car
7 9 13801.0 11528.0 vehicle.car
8 0 13985.0 11514.0 vehicle.ego
8 1 14196.0 12196.0 vehicle.car
8 3 14224.0 11904.0 vehicle.car
8 8 14036.0 11750.0 vehicle.car
8 9 13850.0 11574.0 vehicle.car
9 0 13949.0 11482.0 vehicle.ego
9 3 14285.0 11959.0 vehicle.car
9 8 14094.0 11801.0 vehicle.car
9 9 13904.0 11623.0 vehicle.car
10 0 13910.0 11448.0 vehicle.ego
10 8 14156.0 11858.0 vehicle.car
10 9 13958.0 11672.0 vehicle.car
11 0 13876.0 11417.0 vehicle.ego
11 8 14214.0 11910.0 vehicle.car
11 9 14012.0 11721.0 vehicle.car
11 10 13518.0 11226.0 vehicle.car
12 0 13841.0 11387.0 vehicle.ego
12 9 14059.0 11766.0 vehicle.car
12 10 13575.0 11275.0 vehicle.car
13 0 13806.0 11356.0 vehicle.ego
13 9 14111.0 11812.0 vehicle.car
13 10 13632.0 11326.0 vehicle.car
14 0 13772.0 11327.0 vehicle.ego
14 9 14164.0 11861.0 vehicle.car
14 10 13693.0 11382.0 vehicle.car
14 11 13396.0 11120.0 vehicle.car
14 12 13372.0 11155.0 vehicle.car
15 0 13738.0 11297.0 vehicle.ego
15 10 13754.0 11436.0 vehicle.car
15 11 13444.0 11158.0 vehicle.car
15 12 13424.0 11198.0 vehicle.car
15 13 13202.0 10966.0 vehicle.car
15 14 13321.0 11069.0 vehicle.car
16 0 13709.0 11272.0 vehicle.ego
16 10 13806.0 11484.0 vehicle.car
16 11 13484.0 11195.0 vehicle.car
16 12 13470.0 11240.0 vehicle.car
16 13 13289.0 11039.0 vehicle.car
16 14 13413.0 11146.0 vehicle.car
16 15 13093.0 10438.0 vehicle.truck
17 0 13677.0 11244.0 vehicle.ego
17 10 13868.0 11538.0 vehicle.car
17 11 13530.0 11236.0 vehicle.car
17 12 13523.0 11284.0 vehicle.car
17 13 13328.0 11076.0 vehicle.car
17 14 13463.0 11188.0 vehicle.car
17 15 13068.0 10466.0 vehicle.truck
17 16 13217.0 10842.0 vehicle.car
18 0 13647.0 11218.0 vehicle.ego
18 10 13927.0 11590.0 vehicle.car
18 11 13578.0 11278.0 vehicle.car
18 12 13581.0 11334.0 vehicle.car
18 13 13379.0 11118.0 vehicle.car
18 14 13512.0 11233.0 vehicle.car
18 15 13059.0 10476.0 vehicle.truck
18 16 13216.0 10842.0 vehicle.car
18 17 14063.0 11539.0 vehicle.car
19 0 13618.0 11193.0 vehicle.ego
19 10 13990.0 11645.0 vehicle.car
19 11 13626.0 11322.0 vehicle.car
19 12 13632.0 11378.0 vehicle.car
19 13 13425.0 11158.0 vehicle.car
19 14 13563.0 11277.0 vehicle.car
19 15 13050.0 10486.0 vehicle.truck
19 16 13215.0 10841.0 vehicle.car
19 17 14019.0 11501.0 vehicle.car
19 18 12980.0 10784.0 vehicle.car
20 0 13590.0 11168.0 vehicle.ego
20 10 14050.0 11698.0 vehicle.car
20 11 13672.0 11363.0 vehicle.car
20 12 13685.0 11426.0 vehicle.car
20 13 13475.0 11201.0 vehicle.car
20 14 13614.0 11322.0 vehicle.car
20 15 13048.0 10488.0 vehicle.truck
20 16 13214.0 10841.0 vehicle.car
20 17 13976.0 11463.0 vehicle.car
20 18 13007.0 10819.0 vehicle.car
21 0 13563.0 11145.0 vehicle.ego
21 11 13765.0 11445.0 vehicle.car
21 12 13739.0 11474.0 vehicle.car
21 13 13526.0 11245.0 vehicle.car
21 14 13664.0 11366.0 vehicle.car
21 15 13047.0 10489.0 vehicle.truck
21 16 13214.0 10840.0 vehicle.car
21 17 13932.0 11424.0 vehicle.car
21 18 13038.0 10849.0 vehicle.car
21 19 13093.0 10781.0 vehicle.car
22 0 13538.0 11123.0 vehicle.ego
22 11 13814.0 11489.0 vehicle.car
22 12 13795.0 11523.0 vehicle.car
22 13 13571.0 11283.0 vehicle.car
22 14 13713.0 11409.0 vehicle.car
22 15 13046.0 10491.0 vehicle.truck
22 16 13214.0 10840.0 vehicle.car
22 17 13888.0 11386.0 vehicle.car
22 18 13104.0 10904.0 vehicle.car
22 19 13093.0 10781.0 vehicle.car
23 0 13513.0 11101.0 vehicle.ego
23 12 13852.0 11573.0 vehicle.car
23 13 13624.0 11329.0 vehicle.car
23 14 13768.0 11456.0 vehicle.car
23 15 13044.0 10492.0 vehicle.truck
23 16 13214.0 10840.0 vehicle.car
23 17 13840.0 11344.0 vehicle.car
23 18 13143.0 10938.0 vehicle.car
23 19 13092.0 10781.0 vehicle.car
24 0 13488.0 11079.0 vehicle.ego
24 12 13967.0 11673.0 vehicle.car
24 13 13674.0 11371.0 vehicle.car
24 15 13043.0 10494.0 vehicle.truck
24 16 13214.0 10840.0 vehicle.car
24 17 13792.0 11301.0 vehicle.car
24 18 13190.0 10978.0 vehicle.car
24 19 13092.0 10782.0 vehicle.car
25 0 13467.0 11061.0 vehicle.ego
25 13 13722.0 11413.0 vehicle.car
25 15 13043.0 10493.0 vehicle.truck
25 16 13214.0 10840.0 vehicle.car
25 17 13748.0 11262.0 vehicle.car
25 18 13237.0 11018.0 vehicle.car
25 19 13092.0 10782.0 vehicle.car
25 20 13867.0 10805.0 vehicle.truck
26 0 13447.0 11043.0 vehicle.ego
26 13 13816.0 11494.0 vehicle.car
26 15 13043.0 10493.0 vehicle.truck
26 16 13214.0 10840.0 vehicle.car
26 17 13705.0 11223.0 vehicle.car
26 18 13283.0 11059.0 vehicle.car
26 19 13093.0 10782.0 vehicle.car
26 20 13864.0 10809.0 vehicle.truck
27 0 13428.0 11027.0 vehicle.ego
27 13 13862.0 11532.0 vehicle.car
27 15 13043.0 10493.0 vehicle.truck
27 16 13213.0 10840.0 vehicle.car
27 17 13660.0 11185.0 vehicle.car
27 18 13334.0 11106.0 vehicle.car
27 19 13093.0 10782.0 vehicle.car
27 20 13861.0 10813.0 vehicle.truck
27 21 12815.0 10812.0 vehicle.car
28 0 13410.0 11011.0 vehicle.ego
28 13 13911.0 11575.0 vehicle.car
28 15 13044.0 10493.0 vehicle.truck
28 16 13213.0 10840.0 vehicle.car
28 17 13615.0 11146.0 vehicle.car
28 18 13386.0 11153.0 vehicle.car
28 19 13093.0 10782.0 vehicle.car
28 20 13859.0 10817.0 vehicle.truck
28 21 12826.0 10785.0 vehicle.car
29 0 13394.0 10997.0 vehicle.ego
29 13 13960.0 11620.0 vehicle.car
29 15 13044.0 10493.0 vehicle.truck
29 16 13213.0 10840.0 vehicle.car
29 17 13572.0 11109.0 vehicle.car
29 18 13437.0 11200.0 vehicle.car
29 19 13092.0 10781.0 vehicle.car
29 20 13856.0 10820.0 vehicle.truck
29 21 12837.0 10759.0 vehicle.car
29 22 12861.0 10856.0 vehicle.car
30 0 13379.0 10984.0 vehicle.ego
30 15 13044.0 10493.0 vehicle.truck
30 16 13213.0 10840.0 vehicle.car
30 17 13529.0 11073.0 vehicle.car
30 18 13491.0 11248.0 vehicle.car
30 19 13091.0 10781.0 vehicle.car
30 21 12849.0 10727.0 vehicle.car
30 22 12873.0 10849.0 vehicle.car
31 0 13364.0 10972.0 vehicle.ego
31 15 13044.0 10492.0 vehicle.truck
31 16 13213.0 10840.0 vehicle.car
31 17 13486.0 11036.0 vehicle.car
31 18 13548.0 11300.0 vehicle.car
31 19 13091.0 10781.0 vehicle.car
31 21 12861.0 10698.0 vehicle.car
31 22 12884.0 10842.0 vehicle.car
31 23 12864.0 10809.0 vehicle.car
32 0 13352.0 10961.0 vehicle.ego
32 15 13044.0 10492.0 vehicle.truck
32 16 13213.0 10840.0 vehicle.car
32 17 13448.0 11002.0 vehicle.car
32 18 13607.0 11354.0 vehicle.car
32 19 13091.0 10781.0 vehicle.car
32 22 12925.0 10826.0 vehicle.car
32 23 12886.0 10785.0 vehicle.car
33 0 13342.0 10952.0 vehicle.ego
33 15 13044.0 10492.0 vehicle.truck
33 16 13213.0 10840.0 vehicle.car
33 17 13410.0 10969.0 vehicle.car
33 18 13671.0 11412.0 vehicle.car
33 19 13091.0 10781.0 vehicle.car
33 22 12939.0 10824.0 vehicle.car
33 23 12907.0 10762.0 vehicle.car
34 0 13332.0 10944.0 vehicle.ego
34 15 13044.0 10492.0 vehicle.truck
34 16 13213.0 10840.0 vehicle.car
34 17 13376.0 10938.0 vehicle.car
34 18 13727.0 11459.0 vehicle.car
34 19 13092.0 10781.0 vehicle.car
34 22 12954.0 10823.0 vehicle.car
34 23 12931.0 10736.0 vehicle.car
35 0 13324.0 10937.0 vehicle.ego
35 15 13045.0 10492.0 vehicle.truck
35 16 13213.0 10840.0 vehicle.car
35 17 13346.0 10908.0 vehicle.car
35 18 13780.0 11508.0 vehicle.car
35 19 13092.0 10781.0 vehicle.car
35 22 12973.0 10826.0 vehicle.car
35 23 12957.0 10708.0 vehicle.car
36 0 13318.0 10932.0 vehicle.ego
36 15 13045.0 10492.0 vehicle.truck
36 16 13212.0 10839.0 vehicle.car
36 17 13322.0 10882.0 vehicle.car
36 18 13840.0 11560.0 vehicle.car
36 19 13092.0 10780.0 vehicle.car
36 22 12993.0 10830.0 vehicle.car
36 23 12982.0 10682.0 vehicle.car
37 0 13312.0 10926.0 vehicle.ego
37 15 13045.0 10492.0 vehicle.truck
37 16 13212.0 10839.0 vehicle.car
37 17 13297.0 10852.0 vehicle.car
37 18 13899.0 11613.0 vehicle.car
37 19 13092.0 10780.0 vehicle.car
37 22 13020.0 10838.0 vehicle.car
37 23 13014.0 10649.0 vehicle.car
37 24 12823.0 10819.0 vehicle.car
38 0 13307.0 10922.0 vehicle.ego
38 15 13045.0 10491.0 vehicle.truck
38 16 13211.0 10839.0 vehicle.car
38 17 13276.0 10825.0 vehicle.car
38 18 13966.0 11674.0 vehicle.car
38 19 13092.0 10780.0 vehicle.car
38 23 13047.0 10617.0 vehicle.car
38 24 12836.0 10790.0 vehicle.car
39 0 13303.0 10919.0 vehicle.ego
39 17 13256.0 10796.0 vehicle.car
39 19 13092.0 10780.0 vehicle.car
39 23 13083.0 10578.0 vehicle.car
39 24 12849.0 10754.0 vehicle.car
