0 0 13301.0 10916.0 vehicle.ego
0 1 12994.0 10451.0 vehicle.truck
0 2 13212.0 10838.0 vehicle.car
0 3 13157.0 10789.0 vehicle.car
0 4 13104.0 10431.0 vehicle.car
0 5 13098.0 10921.0 vehicle.car
0 6 13116.0 10208.0 vehicle.car
0 7 12929.0 10799.0 vehicle.car
0 8 12787.0 10879.0 vehicle.car
0 9 13045.0 10488.0 vehicle.truck
0 10 13092.0 10781.0 vehicle.car
0 11 12838.0 10641.0 vehicle.car
0 12 12873.0 10841.0 vehicle.car
0 13 13337.0 10905.0 vehicle.car
0 14 13251.0 10805.0 vehicle.car
0 15 13171.0 10853.0 vehicle.car
0 16 13078.0 10856.0 vehicle.car
1 0 13301.0 10916.0 vehicle.ego
1 1 12994.0 10451.0 vehicle.truck
1 2 13212.0 10838.0 vehicle.car
1 3 13157.0 10790.0 vehicle.car
1 4 13104.0 10431.0 vehicle.car
1 5 13152.0 10964.0 vehicle.car
1 6 13115.0 10206.0 vehicle.car
1 7 12977.0 10836.0 vehicle.car
1 8 12787.0 10879.0 vehicle.car
1 9 13043.0 10490.0 vehicle.truck
1 10 13092.0 10780.0 vehicle.car
1 11 12941.0 10655.0 vehicle.car
1 12 12876.0 10839.0 vehicle.car
1 13 13326.0 10895.0 vehicle.car
1 14 13251.0 10805.0 vehicle.car
1 15 13170.0 10853.0 vehicle.car
1 16 13130.0 10899.0 vehicle.car
2 0 13301.0 10916.0 vehicle.ego
2 1 12994.0 10451.0 vehicle.truck
2 2 13212.0 10838.0 vehicle.car
2 3 13157.0 10790.0 vehicle.car
2 4 13104.0 10431.0 vehicle.car
2 5 13212.0 11013.0 vehicle.car
2 6 13109.0 10211.0 vehicle.car
2 7 13027.0 10873.0 vehicle.car
2 8 12787.0 10879.0 vehicle.car
2 9 13041.0 10492.0 vehicle.truck
2 10 13092.0 10780.0 vehicle.car
2 11 12976.0 10650.0 vehicle.car
2 12 12880.0 10835.0 vehicle.car
2 13 13316.0 10885.0 vehicle.car
2 14 13251.0 10805.0 vehicle.car
2 15 13171.0 10853.0 vehicle.car
2 16 13183.0 10942.0 vehicle.car
3 0 13301.0 10916.0 vehicle.ego
3 1 12994.0 10451.0 vehicle.truck
3 2 13212.0 10838.0 vehicle.car
3 3 13157.0 10790.0 vehicle.car
3 4 13104.0 10431.0 vehicle.car
3 5 13269.0 11061.0 vehicle.car
3 6 13108.0 10210.0 vehicle.car
3 7 13076.0 10912.0 vehicle.car
3 8 12787.0 10879.0 vehicle.car
3 9 13041.0 10492.0 vehicle.truck
3 10 13092.0 10780.0 vehicle.car
3 11 13007.0 10637.0 vehicle.car
3 12 12882.0 10835.0 vehicle.car
3 13 13309.0 10877.0 vehicle.car
3 14 13250.0 10805.0 vehicle.car
3 15 13171.0 10853.0 vehicle.car
3 16 13242.0 10990.0 vehicle.car
4 0 13301.0 10916.0 vehicle.ego
4 1 12994.0 10451.0 vehicle.truck
4 2 13212.0 10838.0 vehicle.car
4 3 13158.0 10790.0 vehicle.car
4 4 13104.0 10431.0 vehicle.car
4 5 13327.0 11112.0 vehicle.car
4 6 13107.0 10209.0 vehicle.car
4 7 13128.0 10955.0 vehicle.car
4 8 12787.0 10880.0 vehicle.car
4 9 13041.0 10492.0 vehicle.truck
4 10 13092.0 10780.0 vehicle.car
4 11 13041.0 10620.0 vehicle.car
4 12 12882.0 10835.0 vehicle.car
4 13 13304.0 10871.0 vehicle.car
4 14 13250.0 10805.0 vehicle.car
4 15 13171.0 10853.0 vehicle.car
4 16 13301.0 11040.0 vehicle.car
5 0 13301.0 10916.0 vehicle.ego
5 1 12994.0 10451.0 vehicle.truck
5 2 13212.0 10838.0 vehicle.car
5 3 13158.0 10790.0 vehicle.car
5 4 13104.0 10431.0 vehicle.car
5 5 13376.0 11152.0 vehicle.car
5 6 13109.0 10210.0 vehicle.car
5 7 13177.0 10994.0 vehicle.car
5 8 12787.0 10879.0 vehicle.car
5 9 13041.0 10492.0 vehicle.truck
5 10 13092.0 10780.0 vehicle.car
5 11 13077.0 10596.0 vehicle.car
5 12 12882.0 10834.0 vehicle.car
5 13 13300.0 10868.0 vehicle.car
5 14 13250.0 10805.0 vehicle.car
5 15 13171.0 10853.0 vehicle.car
5 16 13358.0 11087.0 vehicle.car
5 17 12907.0 10781.0 vehicle.car
5 18 12774.0 10613.0 vehicle.car
6 0 13301.0 10916.0 vehicle.ego
6 1 12994.0 10451.0 vehicle.truck
6 2 13212.0 10838.0 vehicle.car
6 3 13158.0 10790.0 vehicle.car
6 4 13104.0 10431.0 vehicle.car
6 5 13429.0 11200.0 vehicle.car
6 6 13115.0 10236.0 vehicle.car
6 7 13231.0 11037.0 vehicle.car
6 8 12787.0 10879.0 vehicle.car
6 9 13041.0 10492.0 vehicle.truck
6 10 13092.0 10780.0 vehicle.car
6 11 13106.0 10568.0 vehicle.car
6 12 12883.0 10834.0 vehicle.car
6 13 13298.0 10865.0 vehicle.car
6 14 13250.0 10805.0 vehicle.car
6 15 13171.0 10853.0 vehicle.car
6 16 13414.0 11136.0 vehicle.car
6 17 12956.0 10816.0 vehicle.car
6 18 12802.0 10626.0 vehicle.car
7 0 13301.0 10916.0 vehicle.ego
7 1 12994.0 10451.0 vehicle.truck
7 2 13212.0 10838.0 vehicle.car
7 3 13157.0 10790.0 vehicle.car
7 4 13104.0 10431.0 vehicle.car
7 5 13481.0 11245.0 vehicle.car
7 6 13121.0 10216.0 vehicle.car
7 7 13279.0 11077.0 vehicle.car
7 8 12787.0 10880.0 vehicle.car
7 9 13041.0 10492.0 vehicle.truck
7 10 13092.0 10780.0 vehicle.car
7 11 13140.0 10533.0 vehicle.car
7 12 12884.0 10833.0 vehicle.car
7 13 13296.0 10864.0 vehicle.car
7 14 13250.0 10805.0 vehicle.car
7 15 13170.0 10853.0 vehicle.car
7 16 13471.0 11185.0 vehicle.car
7 17 13007.0 10854.0 vehicle.car
7 18 12824.0 10635.0 vehicle.car
8 0 13301.0 10916.0 vehicle.ego
8 1 12994.0 10451.0 vehicle.truck
8 2 13212.0 10838.0 vehicle.car
8 3 13157.0 10790.0 vehicle.car
8 4 13104.0 10431.0 vehicle.car
8 5 13634.0 11378.0 vehicle.car
8 6 13106.0 10204.0 vehicle.car
8 7 13329.0 11119.0 vehicle.car
8 8 12789.0 10881.0 vehicle.car
8 9 13041.0 10492.0 vehicle.truck
8 10 13092.0 10780.0 vehicle.car
8 11 13167.0 10502.0 vehicle.car
8 12 12884.0 10833.0 vehicle.car
8 13 13296.0 10863.0 vehicle.car
8 14 13250.0 10805.0 vehicle.car
8 15 13171.0 10853.0 vehicle.car
8 16 13526.0 11233.0 vehicle.car
8 17 13058.0 10894.0 vehicle.car
8 18 12861.0 10643.0 vehicle.car
8 19 12728.0 10581.0 vehicle.car
9 0 13301.0 10916.0 vehicle.ego
9 1 12994.0 10451.0 vehicle.truck
9 2 13212.0 10838.0 vehicle.car
9 3 13157.0 10790.0 vehicle.car
9 4 13104.0 10431.0 vehicle.car
9 5 13682.0 11420.0 vehicle.car
9 6 13112.0 10213.0 vehicle.car
9 7 13377.0 11160.0 vehicle.car
9 9 13041.0 10492.0 vehicle.truck
9 10 13092.0 10780.0 vehicle.car
9 11 13199.0 10472.0 vehicle.car
9 12 12886.0 10832.0 vehicle.car
9 13 13296.0 10863.0 vehicle.car
9 14 13250.0 10805.0 vehicle.car
9 15 13171.0 10853.0 vehicle.car
9 16 13581.0 11278.0 vehicle.car
9 17 13112.0 10937.0 vehicle.car
9 18 12917.0 10652.0 vehicle.car
9 19 12753.0 10598.0 vehicle.car
10 0 13301.0 10916.0 vehicle.ego
10 1 12994.0 10451.0 vehicle.truck
10 2 13212.0 10838.0 vehicle.car
10 3 13157.0 10790.0 vehicle.car
10 4 13104.0 10431.0 vehicle.car
10 5 13727.0 11458.0 vehicle.car
10 7 13427.0 11200.0 vehicle.car
10 9 13041.0 10492.0 vehicle.truck
10 10 13092.0 10780.0 vehicle.car
10 12 12888.0 10830.0 vehicle.car
10 13 13296.0 10863.0 vehicle.car
10 14 13250.0 10805.0 vehicle.car
10 15 13171.0 10853.0 vehicle.car
10 16 13631.0 11325.0 vehicle.car
10 17 13167.0 10982.0 vehicle.car
10 18 12947.0 10649.0 vehicle.car
10 19 12779.0 10615.0 vehicle.car
10 20 13000.0 10797.0 vehicle.car
11 0 13301.0 10916.0 vehicle.ego
11 1 12994.0 10451.0 vehicle.truck
11 2 13212.0 10838.0 vehicle.car
11 3 13157.0 10790.0 vehicle.car
11 4 13104.0 10431.0 vehicle.car
11 5 13768.0 11494.0 vehicle.car
11 7 13474.0 11238.0 vehicle.car
11 9 13041.0 10492.0 vehicle.truck
11 10 13092.0 10780.0 vehicle.car
11 12 12911.0 10822.0 vehicle.car
11 13 13296.0 10863.0 vehicle.car
11 14 13250.0 10805.0 vehicle.car
11 15 13170.0 10852.0 vehicle.car
11 16 13681.0 11368.0 vehicle.car
11 17 13228.0 11033.0 vehicle.car
11 18 12977.0 10648.0 vehicle.car
11 19 12808.0 10631.0 vehicle.car
11 20 13056.0 10842.0 vehicle.car
12 0 13301.0 10916.0 vehicle.ego
12 1 12994.0 10451.0 vehicle.truck
12 2 13212.0 10838.0 vehicle.car
12 3 13157.0 10790.0 vehicle.car
12 4 13104.0 10431.0 vehicle.car
12 5 13807.0 11529.0 vehicle.car
12 7 13522.0 11279.0 vehicle.car
12 9 13041.0 10492.0 vehicle.truck
12 10 13092.0 10780.0 vehicle.car
12 12 12928.0 10819.0 vehicle.car
12 13 13296.0 10864.0 vehicle.car
12 14 13251.0 10805.0 vehicle.car
12 15 13170.0 10852.0 vehicle.car
12 16 13729.0 11410.0 vehicle.car
12 17 13281.0 11079.0 vehicle.car
12 18 13005.0 10641.0 vehicle.car
12 19 12838.0 10643.0 vehicle.car
12 20 13111.0 10886.0 vehicle.car
13 0 13301.0 10916.0 vehicle.ego
13 1 12994.0 10451.0 vehicle.truck
13 2 13212.0 10838.0 vehicle.car
13 3 13157.0 10790.0 vehicle.car
13 4 13104.0 10431.0 vehicle.car
13 5 13844.0 11561.0 vehicle.car
13 7 13570.0 11320.0 vehicle.car
13 9 13041.0 10492.0 vehicle.truck
13 10 13092.0 10780.0 vehicle.car
13 12 12950.0 10821.0 vehicle.car
13 13 13296.0 10864.0 vehicle.car
13 14 13251.0 10805.0 vehicle.car
13 15 13167.0 10850.0 vehicle.car
13 16 13776.0 11449.0 vehicle.car
13 17 13335.0 11125.0 vehicle.car
13 18 13031.0 10629.0 vehicle.car
13 19 12935.0 10657.0 vehicle.car
13 20 13169.0 10932.0 vehicle.car
13 21 13052.0 10884.0 vehicle.car
14 0 13301.0 10916.0 vehicle.ego
14 1 12994.0 10451.0 vehicle.truck
14 2 13212.0 10838.0 vehicle.car
14 3 13157.0 10790.0 vehicle.car
14 4 13104.0 10431.0 vehicle.car
14 7 13615.0 11360.0 vehicle.car
14 9 13041.0 10492.0 vehicle.truck
14 10 13092.0 10780.0 vehicle.car
14 12 12978.0 10829.0 vehicle.car
14 13 13296.0 10864.0 vehicle.car
14 14 13251.0 10805.0 vehicle.car
14 15 13165.0 10848.0 vehicle.car
14 16 13820.0 11488.0 vehicle.car
14 17 13389.0 11172.0 vehicle.car
14 18 13056.0 10616.0 vehicle.car
14 19 12962.0 10654.0 vehicle.car
14 20 13231.0 10984.0 vehicle.car
14 21 13096.0 10918.0 vehicle.car
15 0 13301.0 10916.0 vehicle.ego
15 1 12994.0 10451.0 vehicle.truck
15 2 13212.0 10838.0 vehicle.car
15 3 13157.0 10790.0 vehicle.car
15 4 13104.0 10431.0 vehicle.car
15 7 13708.0 11441.0 vehicle.car
15 9 13041.0 10492.0 vehicle.truck
15 10 13092.0 10780.0 vehicle.car
15 12 13008.0 10848.0 vehicle.car
15 13 13296.0 10864.0 vehicle.car
15 14 13251.0 10805.0 vehicle.car
15 15 13163.0 10846.0 vehicle.car
15 16 13862.0 11525.0 vehicle.car
15 17 13443.0 11216.0 vehicle.car
15 18 13078.0 10596.0 vehicle.car
15 19 12994.0 10644.0 vehicle.car
15 20 13294.0 11036.0 vehicle.car
15 21 13140.0 10954.0 vehicle.car
15 22 12742.0 10685.0 vehicle.car
16 0 13301.0 10916.0 vehicle.ego
16 1 12994.0 10451.0 vehicle.truck
16 2 13212.0 10838.0 vehicle.car
16 3 13157.0 10790.0 vehicle.car
16 4 13104.0 10431.0 vehicle.car
16 7 13746.0 11475.0 vehicle.car
16 9 13041.0 10492.0 vehicle.truck
16 10 13092.0 10780.0 vehicle.car
16 12 13045.0 10872.0 vehicle.car
16 13 13296.0 10864.0 vehicle.car
16 14 13250.0 10805.0 vehicle.car
16 15 13160.0 10844.0 vehicle.car
16 16 13904.0 11560.0 vehicle.car
16 17 13496.0 11262.0 vehicle.car
16 18 13100.0 10575.0 vehicle.car
16 19 13024.0 10629.0 vehicle.car
16 20 13351.0 11085.0 vehicle.car
16 21 13184.0 10990.0 vehicle.car
16 22 12736.0 10726.0 vehicle.car
17 0 13301.0 10916.0 vehicle.ego
17 1 12994.0 10451.0 vehicle.truck
17 2 13212.0 10838.0 vehicle.car
17 3 13157.0 10790.0 vehicle.car
17 4 13104.0 10431.0 vehicle.car
17 7 13783.0 11508.0 vehicle.car
17 9 13041.0 10492.0 vehicle.truck
17 10 13092.0 10780.0 vehicle.car
17 12 13085.0 10904.0 vehicle.car
17 13 13296.0 10864.0 vehicle.car
17 14 13251.0 10805.0 vehicle.car
17 15 13157.0 10841.0 vehicle.car
17 17 13546.0 11303.0 vehicle.car
17 18 13122.0 10550.0 vehicle.car
17 19 13050.0 10610.0 vehicle.car
17 20 13408.0 11134.0 vehicle.car
17 21 13231.0 11030.0 vehicle.car
17 22 12729.0 10765.0 vehicle.car
18 0 13301.0 10916.0 vehicle.ego
18 1 12994.0 10451.0 vehicle.truck
18 2 13212.0 10838.0 vehicle.car
18 3 13157.0 10790.0 vehicle.car
18 4 13104.0 10431.0 vehicle.car
18 7 13819.0 11541.0 vehicle.car
18 9 13041.0 10492.0 vehicle.truck
18 10 13092.0 10780.0 vehicle.car
18 12 13134.0 10944.0 vehicle.car
18 13 13296.0 10864.0 vehicle.car
18 14 13251.0 10805.0 vehicle.car
18 15 13155.0 10840.0 vehicle.car
18 17 13593.0 11344.0 vehicle.car
18 18 13146.0 10520.0 vehicle.car
18 19 13080.0 10583.0 vehicle.car
18 20 13466.0 11182.0 vehicle.car
18 21 13274.0 11066.0 vehicle.car
18 22 12720.0 10811.0 vehicle.car
18 23 12759.0 10605.0 vehicle.car
19 0 13301.0 10916.0 vehicle.ego
19 1 12994.0 10451.0 vehicle.truck
19 2 13212.0 10838.0 vehicle.car
19 3 13157.0 10790.0 vehicle.car
19 4 13104.0 10431.0 vehicle.car
19 7 13856.0 11572.0 vehicle.car
19 9 13041.0 10492.0 vehicle.truck
19 10 13092.0 10780.0 vehicle.car
19 12 13182.0 10984.0 vehicle.car
19 13 13296.0 10864.0 vehicle.car
19 14 13251.0 10805.0 vehicle.car
19 15 13153.0 10838.0 vehicle.car
19 17 13685.0 11423.0 vehicle.car
19 18 13170.0 10489.0 vehicle.car
19 19 13108.0 10554.0 vehicle.car
19 20 13521.0 11230.0 vehicle.car
19 21 13317.0 11103.0 vehicle.car
19 22 12679.0 10843.0 vehicle.car
19 23 12799.0 10629.0 vehicle.car
20 0 13301.0 10916.0 vehicle.ego
20 1 12994.0 10451.0 vehicle.truck
20 2 13212.0 10838.0 vehicle.car
20 3 13157.0 10790.0 vehicle.car
20 4 13104.0 10431.0 vehicle.car
20 9 13041.0 10492.0 vehicle.truck
20 10 13092.0 10780.0 vehicle.car
20 12 13236.0 11031.0 vehicle.car
20 13 13296.0 10864.0 vehicle.car
20 14 13251.0 10805.0 vehicle.car
20 15 13151.0 10836.0 vehicle.car
20 17 13724.0 11457.0 vehicle.car
20 18 13197.0 10459.0 vehicle.car
20 19 13135.0 10515.0 vehicle.car
20 20 13640.0 11329.0 vehicle.car
20 21 13363.0 11143.0 vehicle.car
20 23 12935.0 10651.0 vehicle.car
21 0 13301.0 10916.0 vehicle.ego
21 1 12994.0 10451.0 vehicle.truck
21 2 13212.0 10838.0 vehicle.car
21 3 13157.0 10790.0 vehicle.car
21 4 13104.0 10431.0 vehicle.car
21 9 13041.0 10492.0 vehicle.truck
21 10 13092.0 10780.0 vehicle.car
21 12 13285.0 11073.0 vehicle.car
21 13 13296.0 10864.0 vehicle.car
21 14 13251.0 10805.0 vehicle.car
21 15 13149.0 10835.0 vehicle.car
21 17 13759.0 11488.0 vehicle.car
21 18 13224.0 10424.0 vehicle.car
21 19 13158.0 10481.0 vehicle.car
21 20 13693.0 11376.0 vehicle.car
21 21 13405.0 11177.0 vehicle.car
21 23 12978.0 10643.0 vehicle.car
22 0 13301.0 10916.0 vehicle.ego
22 1 12994.0 10451.0 vehicle.truck
22 2 13212.0 10838.0 vehicle.car
22 3 13157.0 10790.0 vehicle.car
22 4 13104.0 10431.0 vehicle.car
22 9 13041.0 10492.0 vehicle.truck
22 10 13092.0 10780.0 vehicle.car
22 12 13335.0 11117.0 vehicle.car
22 13 13296.0 10864.0 vehicle.car
22 14 13251.0 10805.0 vehicle.car
22 15 13147.0 10833.0 vehicle.car
22 18 13282.0 10352.0 vehicle.car
22 19 13184.0 10445.0 vehicle.car
22 20 13744.0 11422.0 vehicle.car
22 21 13446.0 11212.0 vehicle.car
22 23 13020.0 10629.0 vehicle.car
23 0 13301.0 10916.0 vehicle.ego
23 1 12994.0 10451.0 vehicle.truck
23 2 13212.0 10838.0 vehicle.car
23 3 13157.0 10790.0 vehicle.car
23 4 13104.0 10431.0 vehicle.car
23 9 13041.0 10492.0 vehicle.truck
23 10 13092.0 10780.0 vehicle.car
23 12 13394.0 11169.0 vehicle.car
23 13 13296.0 10864.0 vehicle.car
23 14 13250.0 10805.0 vehicle.car
23 15 13145.0 10832.0 vehicle.car
23 20 13791.0 11463.0 vehicle.car
23 21 13522.0 11278.0 vehicle.car
23 23 13060.0 10602.0 vehicle.car
23 24 12727.0 10719.0 vehicle.car
24 0 13301.0 10916.0 vehicle.ego
24 1 12994.0 10451.0 vehicle.truck
24 2 13212.0 10838.0 vehicle.car
24 3 13157.0 10790.0 vehicle.car
24 4 13104.0 10431.0 vehicle.car
24 9 13041.0 10492.0 vehicle.truck
24 10 13093.0 10780.0 vehicle.car
24 12 13440.0 11209.0 vehicle.car
24 13 13296.0 10864.0 vehicle.car
24 14 13251.0 10805.0 vehicle.car
24 15 13145.0 10832.0 vehicle.car
24 20 13845.0 11511.0 vehicle.car
24 21 13598.0 11342.0 vehicle.car
24 23 13094.0 10570.0 vehicle.car
24 24 12727.0 10748.0 vehicle.car
24 25 12890.0 10734.0 vehicle.car
25 0 13301.0 10916.0 vehicle.ego
25 1 12994.0 10451.0 vehicle.truck
25 2 13212.0 10838.0 vehicle.car
25 3 13157.0 10790.0 vehicle.car
25 4 13104.0 10431.0 vehicle.car
25 9 13041.0 10492.0 vehicle.truck
25 10 13093.0 10780.0 vehicle.car
25 12 13490.0 11252.0 vehicle.car
25 13 13296.0 10864.0 vehicle.car
25 14 13251.0 10805.0 vehicle.car
25 15 13144.0 10830.0 vehicle.car
25 20 13887.0 11547.0 vehicle.car
25 21 13633.0 11373.0 vehicle.car
25 23 13123.0 10534.0 vehicle.car
25 24 12715.0 10810.0 vehicle.car
25 25 13003.0 10808.0 vehicle.car
26 0 13301.0 10916.0 vehicle.ego
26 1 12994.0 10451.0 vehicle.truck
26 2 13212.0 10838.0 vehicle.car
26 3 13157.0 10790.0 vehicle.car
26 4 13104.0 10431.0 vehicle.car
26 9 13041.0 10492.0 vehicle.truck
26 10 13093.0 10780.0 vehicle.car
26 12 13561.0 11313.0 vehicle.car
26 13 13296.0 10864.0 vehicle.car
26 14 13251.0 10805.0 vehicle.car
26 15 13143.0 10830.0 vehicle.car
26 21 13664.0 11401.0 vehicle.car
26 23 13151.0 10494.0 vehicle.car
26 25 13054.0 10846.0 vehicle.car
27 0 13301.0 10916.0 vehicle.ego
27 1 12994.0 10451.0 vehicle.truck
27 2 13212.0 10838.0 vehicle.car
27 3 13157.0 10790.0 vehicle.car
27 4 13104.0 10431.0 vehicle.car
27 9 13041.0 10492.0 vehicle.truck
27 10 13092.0 10780.0 vehicle.car
27 12 13595.0 11344.0 vehicle.car
27 13 13296.0 10864.0 vehicle.car
27 14 13250.0 10806.0 vehicle.car
27 15 13141.0 10828.0 vehicle.car
27 21 13692.0 11424.0 vehicle.car
27 23 13179.0 10452.0 vehicle.car
27 25 13106.0 10886.0 vehicle.car
27 26 12895.0 10727.0 vehicle.car
28 0 13301.0 10916.0 vehicle.ego
28 1 12994.0 10451.0 vehicle.truck
28 2 13212.0 10838.0 vehicle.car
28 3 13157.0 10790.0 vehicle.car
28 4 13104.0 10431.0 vehicle.car
28 9 13041.0 10492.0 vehicle.truck
28 10 13092.0 10780.0 vehicle.car
28 12 13620.0 11367.0 vehicle.car
28 13 13296.0 10864.0 vehicle.car
28 14 13251.0 10805.0 vehicle.car
28 15 13140.0 10827.0 vehicle.car
28 21 13720.0 11448.0 vehicle.car
28 23 13227.0 10381.0 vehicle.car
28 25 13158.0 10926.0 vehicle.car
28 26 12942.0 10758.0 vehicle.car
29 0 13301.0 10916.0 vehicle.ego
29 1 12994.0 10451.0 vehicle.truck
29 2 13212.0 10838.0 vehicle.car
29 3 13157.0 10790.0 vehicle.car
29 4 13104.0 10431.0 vehicle.car
29 9 13041.0 10492.0 vehicle.truck
29 10 13092.0 10780.0 vehicle.car
29 12 13652.0 11394.0 vehicle.car
29 13 13296.0 10864.0 vehicle.car
29 14 13251.0 10805.0 vehicle.car
29 15 13138.0 10826.0 vehicle.car
29 21 13747.0 11474.0 vehicle.car
29 25 13216.0 10971.0 vehicle.car
29 26 12988.0 10793.0 vehicle.car
29 27 12820.0 10698.0 vehicle.car
30 0 13301.0 10916.0 vehicle.ego
30 1 12994.0 10451.0 vehicle.truck
30 2 13212.0 10838.0 vehicle.car
30 3 13157.0 10789.0 vehicle.car
30 4 13104.0 10431.0 vehicle.car
30 9 13041.0 10492.0 vehicle.truck
30 10 13092.0 10780.0 vehicle.car
30 12 13682.0 11420.0 vehicle.car
30 13 13296.0 10864.0 vehicle.car
30 14 13251.0 10805.0 vehicle.car
30 15 13137.0 10825.0 vehicle.car
30 21 13773.0 11497.0 vehicle.car
30 25 13262.0 11009.0 vehicle.car
30 26 13035.0 10828.0 vehicle.car
30 27 12859.0 10719.0 vehicle.car
31 0 13301.0 10916.0 vehicle.ego
31 1 12994.0 10451.0 vehicle.truck
31 2 13212.0 10838.0 vehicle.car
31 3 13155.0 10788.0 vehicle.car
31 4 13104.0 10431.0 vehicle.car
31 9 13041.0 10492.0 vehicle.truck
31 10 13093.0 10780.0 vehicle.car
31 12 13711.0 11445.0 vehicle.car
31 13 13296.0 10864.0 vehicle.car
31 14 13251.0 10805.0 vehicle.car
31 15 13137.0 10825.0 vehicle.car
31 21 13799.0 11518.0 vehicle.car
31 25 13315.0 11053.0 vehicle.car
31 26 13073.0 10857.0 vehicle.car
31 27 12926.0 10762.0 vehicle.car
32 0 13301.0 10916.0 vehicle.ego
32 1 12994.0 10451.0 vehicle.truck
32 2 13211.0 10838.0 vehicle.car
32 3 13150.0 10784.0 vehicle.car
32 4 13104.0 10431.0 vehicle.car
32 9 13041.0 10492.0 vehicle.truck
32 10 13092.0 10780.0 vehicle.car
32 12 13739.0 11469.0 vehicle.car
32 13 13296.0 10863.0 vehicle.car
32 14 13251.0 10805.0 vehicle.car
32 15 13137.0 10825.0 vehicle.car
32 21 13824.0 11540.0 vehicle.car
32 25 13367.0 11099.0 vehicle.car
32 26 13119.0 10894.0 vehicle.car
32 27 12975.0 10793.0 vehicle.car
33 0 13301.0 10916.0 vehicle.ego
33 1 12994.0 10451.0 vehicle.truck
33 2 13209.0 10836.0 vehicle.car
33 3 13141.0 10776.0 vehicle.car
33 4 13104.0 10431.0 vehicle.car
33 9 13041.0 10492.0 vehicle.truck
33 10 13093.0 10780.0 vehicle.car
33 12 13792.0 11513.0 vehicle.car
33 13 13296.0 10864.0 vehicle.car
33 14 13251.0 10804.0 vehicle.car
33 15 13136.0 10824.0 vehicle.car
33 25 13419.0 11144.0 vehicle.car
33 26 13164.0 10931.0 vehicle.car
33 27 13016.0 10818.0 vehicle.car
33 28 13070.0 10409.0 vehicle.car
34 0 13301.0 10916.0 vehicle.ego
34 1 12994.0 10451.0 vehicle.truck
34 2 13205.0 10832.0 vehicle.car
34 3 13127.0 10764.0 vehicle.car
34 4 13104.0 10431.0 vehicle.car
34 9 13041.0 10492.0 vehicle.truck
34 10 13092.0 10780.0 vehicle.car
34 13 13296.0 10863.0 vehicle.car
34 14 13249.0 10802.0 vehicle.car
34 15 13135.0 10823.0 vehicle.car
34 25 13471.0 11190.0 vehicle.car
34 26 13214.0 10972.0 vehicle.car
34 27 13056.0 10847.0 vehicle.car
34 28 13070.0 10409.0 vehicle.car
35 0 13301.0 10916.0 vehicle.ego
35 1 12994.0 10451.0 vehicle.truck
35 2 13196.0 10824.0 vehicle.car
35 3 13112.0 10750.0 vehicle.car
35 4 13104.0 10431.0 vehicle.car
35 9 13041.0 10492.0 vehicle.truck
35 10 13091.0 10779.0 vehicle.car
35 13 13295.0 10863.0 vehicle.car
35 14 13246.0 10796.0 vehicle.car
35 15 13134.0 10822.0 vehicle.car
35 25 13523.0 11232.0 vehicle.car
35 26 13264.0 11013.0 vehicle.car
35 27 13094.0 10877.0 vehicle.car
35 28 13070.0 10409.0 vehicle.car
36 0 13301.0 10916.0 vehicle.ego
36 1 12994.0 10451.0 vehicle.truck
36 2 13184.0 10815.0 vehicle.car
36 3 13096.0 10736.0 vehicle.car
36 9 13041.0 10492.0 vehicle.truck
36 10 13088.0 10777.0 vehicle.car
36 13 13294.0 10861.0 vehicle.car
36 14 13239.0 10783.0 vehicle.car
36 15 13132.0 10820.0 vehicle.car
36 25 13576.0 11278.0 vehicle.car
36 26 13311.0 11053.0 vehicle.car
36 27 13134.0 10908.0 vehicle.car
36 28 13070.0 10409.0 vehicle.car
37 0 13300.0 10915.0 vehicle.ego
37 1 12994.0 10451.0 vehicle.truck
37 2 13170.0 10802.0 vehicle.car
37 3 13076.0 10721.0 vehicle.car
37 9 13041.0 10492.0 vehicle.truck
37 10 13082.0 10772.0 vehicle.car
37 13 13290.0 10857.0 vehicle.car
37 14 13232.0 10767.0 vehicle.car
37 15 13129.0 10818.0 vehicle.car
37 25 13625.0 11321.0 vehicle.car
37 26 13358.0 11093.0 vehicle.car
37 27 13175.0 10941.0 vehicle.car
37 28 13070.0 10409.0 vehicle.car
38 0 13297.0 10913.0 vehicle.ego
38 1 12994.0 10451.0 vehicle.truck
38 2 13155.0 10790.0 vehicle.car
38 3 13053.0 10702.0 vehicle.car
38 9 13041.0 10492.0 vehicle.truck
38 10 13073.0 10766.0 vehicle.car
38 13 13282.0 10849.0 vehicle.car
38 14 13226.0 10755.0 vehicle.car
38 15 13123.0 10814.0 vehicle.car
38 26 13406.0 11133.0 vehicle.car
38 28 13070.0 10409.0 vehicle.car
